      4.36443859      0.13324159     -0.12522032     -0.62837671      0.12745810     -0.13678777     -0.03131490      0.05362869     -0.07269911     -0.00729184     -0.00962353     -0.00836488      0.00367121      0.00327260     -0.00382372     -0.00054946     -0.00090149     -0.00102849     -5.12757563      3.30238619      1.58786571     -5.92983741     -3.20927257      1.41191050     -1.83784012     -1.11486390     -1.82271315      0.17140488     -0.45615646      0.53328573     -0.14956053      0.42957797     -0.50854706      0.01933371     -0.00641246      0.03612351      0.00879058      0.02157647     -0.01188278      0.00936785      0.00720635     -0.00812126      0.00539850     -0.00837578     -0.00056837     -0.00032002     -0.00220752     -0.00172068     -0.00016405      0.00016638     -0.00060191      0.00074034      0.00007160      0.00310836      0.00012830      0.00047697     -0.00050156
      0.13324159      4.06469946      0.41873110      0.13072021     -0.98630184      0.43171928     -0.01799133      0.08808461     -0.06727029     -0.00820100     -0.01715598     -0.02053566     -0.00422849      0.00761659     -0.01250537     -0.00089454     -0.00276747     -0.00087540      3.29179007     -3.91615715     -1.32761197     -3.22972443     -3.35946558      0.93548155     -1.11828908     -2.98359967     -2.99488674      0.14633871     -0.36424061      0.39783782      0.11493797     -0.39345853      0.44736020     -0.01791817      0.01816444     -0.02289769     -0.00027335      0.01465734     -0.02266247      0.00734102      0.00332897     -0.00162900     -0.00919843      0.00393543      0.00595543      0.00061220      0.00156418      0.00398998     -0.00093182      0.00222793      0.00011934     -0.00068465      0.00274049      0.00387281     -0.00085578      0.00235671      0.00005068
     -0.12522032      0.41873110      3.98769955     -0.13678679      0.42111745     -1.04042935     -0.06246471      0.14362639     -0.21021562     -0.00877607     -0.02648953     -0.02579666     -0.00250703      0.01008459     -0.00468460     -0.00075084     -0.00160067     -0.00267322      1.57287339     -1.32695089     -1.78528928      1.41937829      0.94501131     -1.56884908     -1.82889157     -3.03057857     -6.07595315     -0.06428269      0.17159248     -0.20324209      0.04878799     -0.14258453      0.17104550      0.00755186      0.02778350      0.04290746      0.02231458      0.01731142      0.05375467      0.00220424     -0.00178204     -0.00169421     -0.00849378      0.00596612     -0.00150644      0.00209422     -0.00004348      0.00207700      0.00013619      0.00217527     -0.00050660     -0.00058378     -0.00122516      0.00091743      0.00020156      0.00124884     -0.00080094
     -0.62837671      0.13072021     -0.13678679      4.46064464     -0.00915060     -0.36537712     -0.66088390     -0.13112603     -0.19809949     -0.03556400     -0.01468047     -0.06119991     -0.00581035      0.00553914     -0.00065716      0.00460175     -0.00132579     -0.00133080     -0.15296537      0.44267167     -0.51487520      0.17115164     -0.47823434      0.53745591     -0.09990946      0.20179339     -0.17141882     -5.85578545     -3.09813387      1.23892886     -4.87101467      3.10422783      1.65234740      0.17470337      0.29590351      0.53035556     -0.25914851     -0.36831938     -0.65260152      0.01821241     -0.01147862      0.04519463      0.00124755     -0.01338987     -0.01470797      0.00684245     -0.00722922     -0.00710651     -0.00096254     -0.00239992      0.00235772      0.00854673      0.00566797      0.00093649     -0.00150092      0.00277043     -0.00156596
      0.12745810     -0.98630184      0.42111745     -0.00915060      4.08557801      0.03830386     -0.12638369     -0.79495778     -0.33940384      0.05059479      0.08640577      0.13375792      0.01116960     -0.02894355      0.03747836      0.00218416      0.00797885      0.00598455      0.11443301     -0.40675859      0.41535095      0.12517170     -0.37365891      0.36795158     -0.10199406      0.29591005     -0.35096336     -3.11335726     -3.31785191      0.79109655      3.13122500     -3.88475013     -1.40099644     -0.17907967     -0.29873649     -0.48651587     -0.15689700     -0.26988422     -0.42293103      0.01589068      0.00869775      0.01978796      0.00269849      0.01333531      0.02450096     -0.00866782      0.00288988     -0.00424225      0.00017365     -0.00517629      0.00015983      0.00423657      0.00344310     -0.00887989      0.00004976     -0.00486759     -0.00046801
     -0.13678777      0.43171928     -1.04042935     -0.36537712      0.03830386      3.54235450     -0.19668459     -0.35203933     -1.11330538     -0.07133559     -0.05887614     -0.21195394     -0.00164957      0.01936178     -0.01420867     -0.00178573     -0.00412633     -0.00020820      0.04440644     -0.15733083      0.17563045     -0.06385654      0.16081282     -0.20193302     -0.13574169      0.53199974     -0.50520101      1.23686443      0.78988229     -1.44633982      1.64993035     -1.38959179     -1.86119875     -0.12182634     -0.17638492     -0.33861225      0.04509015      0.04358695      0.07237944      0.00300626     -0.03568402      0.03532463      0.02211775     -0.03214662      0.05433059      0.00111326      0.00094744     -0.00167725      0.00067382      0.00174445     -0.00268530     -0.00727133     -0.00223520     -0.00167319     -0.00012767     -0.00041441     -0.00117793
     -0.03131490     -0.01799133     -0.06246471     -0.66088390     -0.12638369     -0.19668459      4.42920219      0.00232949     -0.35484661     -0.61742805      0.11569785     -0.10039145     -0.03088026      0.04951591     -0.07366143     -0.00100358     -0.00599283     -0.01140093      0.00303305     -0.01883059     -0.01834790      0.02393294     -0.00510429      0.04850751      0.00194505      0.01534443     -0.01743314     -0.26293078     -0.37995107     -0.65083209      0.17965503      0.30528701      0.52894892     -4.80179848      3.08502671      1.63544858     -5.86935592     -3.04206604      1.20206977      0.13436586     -0.49074264      0.51569821     -0.15149543      0.45424488     -0.48142122      0.01600748     -0.00061544      0.04397510      0.00426254      0.00392641      0.00086787      0.00606367      0.01913089     -0.01581981     -0.00043485      0.00337103     -0.00991015
      0.05362869      0.08808461      0.14362639     -0.13112603     -0.79495778     -0.35203933      0.00232949      4.06164375      0.08570294      0.11533308     -0.98549891      0.39837786     -0.02641444      0.07337964     -0.09075573     -0.00422791     -0.01000080     -0.00943614     -0.00102152      0.01700292      0.02206125      0.01392671      0.01407572      0.01173803      0.04506476     -0.08332510      0.14459537     -0.16037485     -0.27707341     -0.42352819     -0.18098121     -0.30306512     -0.48315088      3.07565977     -3.85695747     -1.38159441     -3.05762631     -3.22905287      0.76139417      0.11450866     -0.37706924      0.36666061      0.11425240     -0.41615224      0.41502631     -0.01416965      0.01266098     -0.01877069     -0.00251738      0.01341612     -0.00073592     -0.00111751      0.00948691     -0.02008413      0.00201169      0.01293479     -0.00133136
     -0.07269911     -0.06727029     -0.21021562     -0.19809949     -0.33940384     -1.11330538     -0.35484661      0.08570294      3.51368019     -0.09981464      0.39763066     -0.94417945     -0.06104249      0.13269390     -0.20882976     -0.01167900     -0.01550368     -0.02854814      0.02458776     -0.02936021      0.06300227      0.00298242     -0.03820527      0.04270609     -0.02333568      0.05724449     -0.06302252      0.03367398      0.04168459      0.07213689     -0.11860811     -0.18323566     -0.34532211      1.62665534     -1.38471037     -1.85949924      1.20323314      0.75990206     -1.42916567     -0.06659245      0.17637046     -0.20274657      0.05215487     -0.15838561      0.15315373      0.00211831      0.03033201      0.04250352     -0.00230517      0.00931257     -0.01269962      0.03107945      0.02258509      0.05446073     -0.00478595      0.00950631     -0.00687109
     -0.00729184     -0.00820100     -0.00877607     -0.03556400      0.05059479     -0.07133559     -0.61742805      0.11533308     -0.09981464      4.43141660     -0.02423175     -0.43531991     -0.58762881     -0.13342517     -0.12567803     -0.03601649      0.01904127     -0.07248908      0.00616528     -0.00651259     -0.00128778      0.00710630      0.00403431     -0.00777837      0.01100925      0.00806782     -0.01483700      0.00543723      0.01884635     -0.02072453      0.01539096     -0.00002360      0.04246435     -0.16104115      0.45546725     -0.49367563      0.13846478     -0.48597002      0.52839860     -5.96004909     -3.09689564      1.26318339     -4.86255200      3.15345823      1.65507317      0.15690651      0.28823426      0.51544527      0.00656412      0.01932445      0.00781561     -0.27657406     -0.40222716     -0.65653355      0.00611642     -0.02113930      0.00555402
     -0.00962353     -0.01715598     -0.02648953     -0.01468047      0.08640577     -0.05887614      0.11569785     -0.98549891      0.39763066     -0.02423175      4.00040549      0.01925379     -0.07920361     -0.69188926     -0.20576258      0.04303064      0.07732215      0.11158495     -0.00514393      0.00186344      0.00915200      0.00735843      0.00066197      0.00182985     -0.01296880      0.02270016     -0.03708922     -0.00743766      0.00861746     -0.03401478     -0.01528265      0.01213075     -0.03714712      0.12292516     -0.42726792      0.42017141      0.11223104     -0.38234653      0.37450813     -3.09461265     -3.24458572      0.79538236      3.15973639     -3.92343999     -1.39218857     -0.16606666     -0.30181764     -0.52326259     -0.00615305     -0.03985250      0.01067124     -0.19032215     -0.26199814     -0.43757946      0.00801118     -0.03620588      0.00585532
     -0.00836488     -0.02053566     -0.02579666     -0.06119991      0.13375792     -0.21195394     -0.10039145      0.39837786     -0.94417945     -0.43531991      0.01925379      3.30922411     -0.13462518     -0.36403267     -0.87098749     -0.07646556      0.03904881     -0.24300338     -0.00758170      0.00116906     -0.00269261     -0.00047325     -0.00363910     -0.00292327     -0.01163496      0.02495361     -0.02034999      0.02854032      0.02336773      0.05009356      0.00074495      0.02934804      0.03798952      0.04933157     -0.14855414      0.15300780     -0.06032400      0.17690224     -0.20807220      1.26055046      0.80836999     -1.41890309      1.66091866     -1.38645409     -1.83252840     -0.13920422     -0.23728103     -0.35169812      0.00586263     -0.00274546      0.02172993      0.04099813     -0.00793091      0.03865697      0.00726569      0.01182030      0.02341069
      0.00367121     -0.00422849     -0.00250703     -0.00581035      0.01116960     -0.00164957     -0.03088026     -0.02641444     -0.06104249     -0.58762881     -0.07920361     -0.13462518      4.37382471     -0.13444958     -0.49964622     -0.68348581      0.21124702     -0.10240418      0.00014618     -0.00203232      0.00172354     -0.00051619      0.00102370     -0.00234615     -0.00058932      0.00234194     -0.00335895      0.00798154      0.00576345      0.00048543      0.00747508     -0.00697675     -0.00726569      0.00105631     -0.01333201     -0.01236849      0.02034629     -0.00884997      0.04110134     -0.23979374     -0.33890463     -0.64127792      0.17909019      0.25500510      0.47886971     -4.84651823      3.13988603      1.65400359     -0.04007395      0.38093463     -0.55197247     -5.94510271     -3.00658347      1.33161642      0.20529024     -0.33435275      0.48924540
      0.00327260      0.00761659      0.01008459      0.00553914     -0.02894355      0.01936178      0.04951591      0.07337964      0.13269390     -0.13342517     -0.69188926     -0.36403267     -0.13444958      3.93975223     -0.28117410      0.22667446     -1.02630044      0.73246673      0.00084748      0.00100761     -0.00164596     -0.00134997      0.00305380     -0.00203096      0.00468924     -0.00737749      0.01431160      0.00730371      0.00438585     -0.00417604     -0.00837638      0.00343536      0.00094056     -0.00177874      0.01537430      0.02116754      0.01496921      0.01345117      0.01243866     -0.13874699     -0.23767624     -0.40709356     -0.18844920     -0.26339040     -0.46271283      3.08203025     -3.96473030     -1.28329210      0.02788338     -0.12875367      0.26184345     -2.97446991     -3.24794229      0.82335858      0.09504388     -0.09247364      0.17355722
     -0.00382372     -0.01250537     -0.00468460     -0.00065716      0.03747836     -0.01420867     -0.07366143     -0.09075573     -0.20882976     -0.12567803     -0.20576258     -0.87098749     -0.49964622     -0.28117410      3.13844775     -0.10437130      0.68397689     -1.08743932     -0.00147782      0.00168634      0.00030530      0.00169367     -0.00030238      0.00142278     -0.00449864      0.01113212     -0.01119175     -0.00905090     -0.00170518      0.00077829      0.00220083      0.00117970      0.00012662      0.01894188     -0.02767492      0.06010036      0.00519442     -0.03339434      0.03768126      0.01073713      0.01222795      0.03368236     -0.13219376     -0.17688003     -0.36875959      1.69018621     -1.30542065     -1.67455080      0.10698001     -0.02013463      0.10406710      1.29660305      0.83835082     -1.30592553     -0.18209594      0.23308289     -0.18051637
     -0.00054946     -0.00089454     -0.00075084      0.00460175      0.00218416     -0.00178573     -0.00100358     -0.00422791     -0.01167900     -0.03601649      0.04303064     -0.07646556     -0.68348581      0.22667446     -0.10437130      4.63735911     -0.73359433     -0.85732135      0.00006411     -0.00002714     -0.00005898     -0.00043380     -0.00058133     -0.00005139     -0.00121564     -0.00044870     -0.00159425     -0.00025120      0.00079103      0.00302419     -0.00116000     -0.00202967     -0.00346460      0.00726657     -0.01112893      0.00379037      0.00589169      0.00882205     -0.01025410      0.01770598      0.02957100     -0.00681156      0.02029469     -0.01210666      0.03513971     -0.17868951      0.46803028     -0.55039632     -7.92758635      3.47785253     -0.01224621      0.17078627     -0.45849717      0.52740505     -5.70559297     -1.88094569      3.67586070
     -0.00090149     -0.00276747     -0.00160067     -0.00132579      0.00797885     -0.00412633     -0.00599283     -0.01000080     -0.01550368      0.01904127      0.07732215      0.03904881      0.21124702     -1.02630044      0.68397689     -0.73359433      2.31716034     -1.72786877     -0.00057849      0.00029559      0.00046062      0.00097266      0.00230872     -0.00021516     -0.00219452      0.00182894     -0.00605868      0.00021859      0.00119380      0.00189163      0.00079714      0.00098474      0.00252816     -0.00700332      0.00526241      0.00163574      0.00377462      0.00376670     -0.00290693      0.00166504     -0.00036659     -0.02731138     -0.02148401      0.00665348     -0.02587910      0.15343196     -0.34145208      0.43465279      3.39409659     -2.35822486      0.63750430      0.08845265     -0.29091931      0.38428263     -1.81736429     -1.75629712      2.14799503
     -0.00102849     -0.00087540     -0.00267322     -0.00133080      0.00598455     -0.00020820     -0.01140093     -0.00943614     -0.02854814     -0.07248908      0.11158495     -0.24300338     -0.10240418      0.73246673     -1.08743932     -0.85732135     -1.72786877      2.73997088      0.00057515     -0.00021551     -0.00083617      0.00025999     -0.00053512      0.00039462     -0.00162145      0.00136053     -0.00377199     -0.00230773      0.00009155     -0.00205825      0.00197126     -0.00062405     -0.00040411     -0.00540316      0.00260847     -0.00344609     -0.00031910     -0.00504865      0.00053505      0.02970943      0.02191748      0.06092897      0.00520956      0.03469847      0.05911462     -0.03157667     -0.08505494      0.09544926     -0.12880487      0.67348212     -0.91391518     -0.03402395      0.22693526     -0.30920582      3.77540234      2.21701367     -3.74072972
     -5.12757563      3.29179007      1.57287339     -0.15296537      0.11443301      0.04440644      0.00303305     -0.00102152      0.02458776      0.00616528     -0.00514393     -0.00758170      0.00014618      0.00084748     -0.00147782      0.00006411     -0.00057849      0.00057515     19.07943442    -12.70617574     -5.88181898     -1.71672292      1.51890869      0.68951830      0.67791977     -0.65329915     -0.29995290      0.10677209     -0.02877263     -0.03676152      0.11180871      0.07369930     -0.12872605      0.00084893     -0.01601576     -0.07276049     -0.01065849      0.00275085      0.00195618      0.00525679      0.00024147      0.00286908      0.00342250     -0.00975437      0.01648641      0.00150413      0.00106408     -0.00020249      0.00065046      0.00113384      0.00063929      0.00348074     -0.00183749     -0.00017137      0.00210849      0.00122437     -0.00015000
      3.30238619     -3.91615715     -1.32695089      0.44267167     -0.40675859     -0.15733083     -0.01883059      0.01700292     -0.02936021     -0.00651259      0.00186344      0.00116906     -0.00203232      0.00100761      0.00168634     -0.00002714      0.00029559     -0.00021551    -12.70617574     14.89365738      4.70982272     -1.27193939      1.06950157      0.52237588      1.10202566     -0.94881814     -0.33634564     -0.05238825      0.04161699     -0.05389914      0.05635935     -0.19639058      0.36235262      0.00586319      0.05206896      0.06835618      0.00097300      0.01367852      0.00291690     -0.00174232     -0.00009710     -0.00131530     -0.01158504      0.00815224     -0.01720428      0.00043655      0.00204869      0.00151410     -0.00070935     -0.00197407     -0.00008044     -0.00055426      0.00696923     -0.00044353     -0.00077847     -0.00005471      0.00030793
      1.58786571     -1.32761197     -1.78528928     -0.51487520      0.41535095      0.17563045     -0.01834790      0.02206125      0.06300227     -0.00128778      0.00915200     -0.00269261      0.00172354     -0.00164596      0.00030530     -0.00005898      0.00046062     -0.00083617     -5.88181898      4.70982272      6.66230421      0.43158642     -0.40064172     -0.32235099      1.86526006     -1.41630638     -0.74624572      0.01837670     -0.07856581      0.10509989     -0.14539128      0.31630744     -0.29603865      0.05074061     -0.04461223     -0.01209594      0.00005933     -0.00315832     -0.00702961     -0.00846189     -0.00017642      0.00039797      0.01764413     -0.02004934     -0.00378302     -0.00536507      0.00124791     -0.00418339      0.00371147     -0.00187078     -0.00051825      0.00130221      0.00429870     -0.00098917     -0.00721504     -0.00209767      0.00331122
     -5.92983741     -3.22972443      1.41937829      0.17115164      0.12517170     -0.06385654      0.02393294      0.01392671      0.00298242      0.00710630      0.00735843     -0.00047325     -0.00051619     -0.00134997      0.00169367     -0.00043380      0.00097266      0.00025999     -1.71672292     -1.27193939      0.43158642     22.16608748     12.27535723     -5.29963667     -0.73671507     -0.34074067      0.28691830      0.07593922      0.12702895     -0.16126700      0.09347871     -0.04163825      0.03509775     -0.00974601     -0.00772002      0.00229983      0.00673199     -0.00768764      0.05284856     -0.01654484     -0.00305808     -0.00830376      0.00124925     -0.00504129     -0.00786279     -0.00107194      0.00139400     -0.00101190      0.00029174     -0.00084884     -0.00197415      0.00165853     -0.00007580     -0.00297832     -0.00221213      0.00020696      0.00058765
     -3.20927257     -3.35946558      0.94501131     -0.47823434     -0.37365891      0.16081282     -0.00510429      0.01407572     -0.03820527      0.00403431      0.00066197     -0.00363910      0.00102370      0.00305380     -0.00030238     -0.00058133      0.00230872     -0.00053512      1.51890869      1.06950157     -0.40064172     12.27535723     12.73172831     -3.92426328     -1.17449658     -0.87705852      0.39816487      0.14871238     -0.17642809      0.33073165     -0.02054836      0.03893124     -0.06890197     -0.00136162      0.01159515      0.00269067      0.04162470      0.06201520      0.04497288     -0.00203293      0.02037080     -0.02084685     -0.00367458     -0.00009188     -0.00160892     -0.00453853      0.00698905     -0.00132560     -0.00022767      0.00245777     -0.00122262     -0.00142248      0.01261459      0.00217030     -0.00470730      0.00416335      0.00128788
      1.41191050      0.93548155     -1.56884908      0.53745591      0.36795158     -0.20193302      0.04850751      0.01173803      0.04270609     -0.00777837      0.00182985     -0.00292327     -0.00234615     -0.00203096      0.00142278     -0.00005139     -0.00021516      0.00039462      0.68951830      0.52237588     -0.32235099     -5.29963667     -3.92426328      5.88661438     -2.04441504     -1.31690272      0.59753420     -0.12882115      0.30925442     -0.30099140     -0.02757715     -0.06857805      0.09946887      0.00114320     -0.00627189     -0.00752729     -0.07483622     -0.04066393     -0.01598445     -0.00657398     -0.01912803      0.01613378     -0.00128737      0.00332309      0.00422553      0.00077817     -0.00343044      0.00074303     -0.00197001     -0.00042142      0.00138532     -0.00542631     -0.00491576     -0.00234365     -0.00029994     -0.00194089      0.00033873
     -1.83784012     -1.11828908     -1.82889157     -0.09990946     -0.10199406     -0.13574169      0.00194505      0.04506476     -0.02333568      0.01100925     -0.01296880     -0.01163496     -0.00058932      0.00468924     -0.00449864     -0.00121564     -0.00219452     -0.00162145      0.67791977      1.10202566      1.86526006     -0.73671507     -1.17449658     -2.04441504      6.71010778      4.15821079      7.06247015      0.04359746      0.01636861      0.03160177     -0.01712970     -0.02119570      0.00559784      0.00984919     -0.02285939     -0.03520248      0.03294679      0.02133678      0.03381767      0.00091116      0.00513267     -0.00916156     -0.00401949     -0.00429004      0.00342219      0.00216732     -0.00088136     -0.00065188      0.00008390      0.00152075     -0.00271721      0.00128314     -0.00326074     -0.00088508      0.00043190      0.00175915     -0.00199604
     -1.11486390     -2.98359967     -3.03057857      0.20179339      0.29591005      0.53199974      0.01534443     -0.08332510      0.05724449      0.00806782      0.02270016      0.02495361      0.00234194     -0.00737749      0.01113212     -0.00044870      0.00182894      0.00136053     -0.65329915     -0.94881814     -1.41630638     -0.34074067     -0.87705852     -1.31690272      4.15821079     11.18046097     11.12782765     -0.01050217      0.08267870     -0.06304901     -0.02278521      0.09689644     -0.06908975     -0.02929726      0.00422129      0.01765640      0.02341356      0.00511271     -0.00284663     -0.00698716      0.01100053     -0.00432626     -0.00015594      0.00832087     -0.00624293     -0.00595503      0.00257737     -0.00274046     -0.00123607     -0.00155447      0.00154848     -0.00228231      0.00562711     -0.00426743     -0.00288386      0.00020197      0.00166011
     -1.82271315     -2.99488674     -6.07595315     -0.17141882     -0.35096336     -0.50520101     -0.01743314      0.14459537     -0.06302252     -0.01483700     -0.03708922     -0.02034999     -0.00335895      0.01431160     -0.01119175     -0.00159425     -0.00605868     -0.00377199     -0.29995290     -0.33634564     -0.74624572      0.28691830      0.39816487      0.59753420      7.06247015     11.12782765     22.96578001      0.07778432     -0.03935555      0.04786806     -0.03257151     -0.00356292      0.10613224      0.01051804      0.01604190      0.03938406     -0.01069410      0.00040898      0.02245073      0.00687778     -0.00005704     -0.00409187     -0.00889550      0.00778595     -0.00398412     -0.00329402      0.00119144      0.00595338      0.00555685      0.00063114     -0.00096123      0.00440149      0.00070846      0.00139341     -0.00555681      0.00056786      0.00195170
      0.17140488      0.14633871     -0.06428269     -5.85578545     -3.11335726      1.23686443     -0.26293078     -0.16037485      0.03367398      0.00543723     -0.00743766      0.02854032      0.00798154      0.00730371     -0.00905090     -0.00025120      0.00021859     -0.00230773      0.10677209     -0.05238825      0.01837670      0.07593922      0.14871238     -0.12882115      0.04359746     -0.01050217      0.07778432     21.87421634     11.94165978     -4.32111594     -1.77665964     -1.21355256      0.46036268      0.09905750      0.01430276     -0.02255707      0.09094428     -0.07159294     -0.20274275      0.01612533      0.04645116     -0.07806243     -0.01452798      0.00037909     -0.00562573     -0.00100898      0.00220809      0.00145574     -0.00107633      0.00314942     -0.00373328      0.01283762      0.00822675      0.01738891      0.00070181      0.00489804     -0.00416374
     -0.45615646     -0.36424061      0.17159248     -3.09813387     -3.31785191      0.78988229     -0.37995107     -0.27707341      0.04168459      0.01884635      0.00861746      0.02336773      0.00576345      0.00438585     -0.00170518      0.00079103      0.00119380      0.00009155     -0.02877263      0.04161699     -0.07856581      0.12702895     -0.17642809      0.30925442      0.01636861      0.08267870     -0.03935555     11.94165978     12.68923087     -3.14901812      1.50972277      0.99831478     -0.35766957      0.01885816      0.01477026      0.05207993     -0.07939422     -0.06718250     -0.25215833      0.00280934      0.07080693     -0.03889474     -0.00013430      0.02019540     -0.00349383     -0.00367797      0.00078355     -0.00050819     -0.00388086      0.00622960      0.00113595      0.00771793      0.00975353      0.01731325     -0.00107596      0.00854171     -0.00088319
      0.53328573      0.39783782     -0.20324209      1.23892886      0.79109655     -1.44633982     -0.65083209     -0.42352819      0.07213689     -0.02072453     -0.03401478      0.05009356      0.00048543     -0.00417604      0.00077829      0.00302419      0.00189163     -0.00205825     -0.03676152     -0.05389914      0.10509989     -0.16126700      0.33073165     -0.30099140      0.03160177     -0.06304901      0.04786806     -4.32111594     -3.14901812      6.07537635      0.76232984      0.53886926     -0.27728184      0.03446038      0.04879862      0.10242849     -0.18978355     -0.23802601     -0.41916692      0.05120993      0.04236277     -0.02375634      0.00348394      0.00650257     -0.00420907     -0.00426048     -0.00134296     -0.00034138      0.00000260     -0.00122773     -0.00108090      0.02177871      0.01760887     -0.00049513     -0.00263217      0.00194370     -0.00251580
     -0.14956053      0.11493797      0.04878799     -4.87101467      3.13122500      1.64993035      0.17965503     -0.18098121     -0.11860811      0.01539096     -0.01528265      0.00074495      0.00747508     -0.00837638      0.00220083     -0.00116000      0.00079714      0.00197126      0.11180871      0.05635935     -0.14539128      0.09347871     -0.02054836     -0.02757715     -0.01712970     -0.02278521     -0.03257151     -1.77665964      1.50972277      0.76232984     18.15412907    -11.98515709     -5.94653222      0.06943306     -0.10731577     -0.22625477      0.10449109      0.00893399      0.03754201     -0.00777041      0.00125126      0.00302449      0.01238349     -0.00522733      0.04353351     -0.01287530      0.00206287     -0.00744189      0.00028622     -0.00122498     -0.00098906      0.00235634     -0.00091810     -0.00287644     -0.00007394     -0.00206025      0.00129443
      0.42957797     -0.39345853     -0.14258453      3.10422783     -3.88475013     -1.38959179      0.30528701     -0.30306512     -0.18323566     -0.00002360      0.01213075      0.02934804     -0.00697675      0.00343536      0.00117970     -0.00202967      0.00098474     -0.00062405      0.07369930     -0.19639058      0.31630744     -0.04163825      0.03893124     -0.06857805     -0.02119570      0.09689644     -0.00356292     -1.21355256      0.99831478      0.53886926    -11.98515709     14.90149090      5.29379674     -0.10044412     -0.08373503     -0.23912462     -0.00013150      0.01442504      0.05638761     -0.00328630      0.01729514     -0.00037581     -0.02330826      0.06692587     -0.03610828      0.00369478      0.00305035      0.01922991     -0.00204282      0.00451897     -0.00142090     -0.00463668     -0.00374008     -0.00162395      0.00082946      0.00359621     -0.00185498
     -0.50854706      0.44736020      0.17104550      1.65234740     -1.40099644     -1.86119875      0.52894892     -0.48315088     -0.34532211      0.04246435     -0.03714712      0.03798952     -0.00726569      0.00094056      0.00012662     -0.00346460      0.00252816     -0.00040411     -0.12872605      0.36235262     -0.29603865      0.03509775     -0.06890197      0.09946887      0.00559784     -0.06908975      0.10613224      0.46036268     -0.35766957     -0.27728184     -5.94653222      5.29379674      7.63803727     -0.23406225     -0.21921805     -0.40773794     -0.02179865      0.05268370      0.10506553      0.00203206      0.00573970     -0.00747882     -0.07847807      0.07359410     -0.01581245     -0.00809064      0.01837455      0.02313441     -0.00858193      0.00713109     -0.00204155     -0.00364096     -0.00320727      0.00148263      0.00056843      0.00202156     -0.00176760
      0.01933371     -0.01791817      0.00755186      0.17470337     -0.17907967     -0.12182634     -4.80179848      3.07565977      1.62665534     -0.16104115      0.12292516      0.04933157      0.00105631     -0.00177874      0.01894188      0.00726657     -0.00700332     -0.00540316      0.00084893      0.00586319      0.05074061     -0.00974601     -0.00136162      0.00114320      0.00984919     -0.02929726      0.01051804      0.09905750      0.01885816      0.03446038      0.06943306     -0.10044412     -0.23406225     17.88736958    -11.84638187     -5.90689644     -1.77253565      1.52033004      0.76807842      0.09348220     -0.02574462     -0.03824991      0.11217582      0.07647894     -0.12972444      0.00644410     -0.02264751     -0.07076173     -0.00147034     -0.00857495      0.01054877     -0.00749526     -0.00151753      0.00253590      0.00185063      0.00135920     -0.00217338
     -0.00641246      0.01816444      0.02778350      0.29590351     -0.29873649     -0.17638492      3.08502671     -3.85695747     -1.38471037      0.45546725     -0.42726792     -0.14855414     -0.01333201      0.01537430     -0.02767492     -0.01112893      0.00526241      0.00260847     -0.01601576      0.05206896     -0.04461223     -0.00772002      0.01159515     -0.00627189     -0.02285939      0.00422129      0.01604190      0.01430276      0.01477026      0.04879862     -0.10731577     -0.08373503     -0.21921805    -11.84638187     14.90429827      5.33176877     -1.18138748      0.99697128      0.53556133     -0.04194221      0.05028093     -0.05644939      0.06903245     -0.22644658      0.29687242      0.00420146      0.05626404      0.06753013     -0.00797783      0.00555990     -0.01640816     -0.00596872      0.01274360      0.00619030      0.00056965     -0.00208152     -0.00103339
      0.03612351     -0.02289769      0.04290746      0.53035556     -0.48651587     -0.33861225      1.63544858     -1.38159441     -1.85949924     -0.49367563      0.42017141      0.15300780     -0.01236849      0.02116754      0.06010036      0.00379037      0.00163574     -0.00344609     -0.07276049      0.06835618     -0.01209594      0.00229983      0.00269067     -0.00752729     -0.03520248      0.01765640      0.03938406     -0.02255707      0.05207993      0.10242849     -0.22625477     -0.23912462     -0.40773794     -5.90689644      5.33176877      7.51442160      0.44614424     -0.34291751     -0.26390308      0.01964765     -0.07338142      0.09195565     -0.12725305      0.30523525     -0.28428006      0.04848772     -0.04670048     -0.01599650      0.00741010     -0.00861437      0.00657599     -0.00592142     -0.00358792     -0.00333184     -0.00307822      0.00126780      0.00374745
      0.00879058     -0.00027335      0.02231458     -0.25914851     -0.15689700      0.04509015     -5.86935592     -3.05762631      1.20323314      0.13846478      0.11223104     -0.06032400      0.02034629      0.01496921      0.00519442      0.00589169      0.00377462     -0.00031910     -0.01065849      0.00097300      0.00005933      0.00673199      0.04162470     -0.07483622      0.03294679      0.02341356     -0.01069410      0.09094428     -0.07939422     -0.18978355      0.10449109     -0.00013150     -0.02179865     -1.77253565     -1.18138748      0.44614424     22.02209919     11.87687614     -4.24334802      0.09999508      0.10923665     -0.14621601      0.09154332     -0.04454867      0.02543545     -0.00646228     -0.00497556     -0.00080223      0.00263108     -0.00194176      0.00017266      0.01529971     -0.00136665      0.05585330     -0.00526279      0.00286603     -0.00115521
      0.02157647      0.01465734      0.01731142     -0.36831938     -0.26988422      0.04358695     -3.04206604     -3.22905287      0.75990206     -0.48597002     -0.38234653      0.17690224     -0.00884997      0.01345117     -0.03339434      0.00882205      0.00376670     -0.00504865      0.00275085      0.01367852     -0.00315832     -0.00768764      0.06201520     -0.04066393      0.02133678      0.00511271      0.00040898     -0.07159294     -0.06718250     -0.23802601      0.00893399      0.01442504      0.05268370      1.52033004      0.99697128     -0.34291751     11.87687614     12.41271445     -3.00565650      0.10133795     -0.20242736      0.29311457     -0.02298336      0.04908705     -0.06785928      0.00414141      0.01289607      0.00310454     -0.00147290      0.00215514      0.00132312      0.04150431      0.06624475      0.04778831     -0.00563271      0.01337164     -0.01322909
     -0.01188278     -0.02266247      0.05375467     -0.65260152     -0.42293103      0.07237944      1.20206977      0.76139417     -1.42916567      0.52839860      0.37450813     -0.20807220      0.04110134      0.01243866      0.03768126     -0.01025410     -0.00290693      0.00053505      0.00195618      0.00291690     -0.00702961      0.05284856      0.04497288     -0.01598445      0.03381767     -0.00284663      0.02245073     -0.20274275     -0.25215833     -0.41916692      0.03754201      0.05638761      0.10506553      0.76807842      0.53556133     -0.26390308     -4.24334802     -3.00565650      5.88599725     -0.15042963      0.30776372     -0.28914336     -0.03976504     -0.05798825      0.09418713      0.00415423     -0.00422367     -0.00868155     -0.00304265      0.00347745      0.00161227     -0.07754740     -0.04311896     -0.02022595      0.00037327     -0.01142756      0.01293539
      0.00936785      0.00734102      0.00220424      0.01821241      0.01589068      0.00300626      0.13436586      0.11450866     -0.06659245     -5.96004909     -3.09461265      1.26055046     -0.23979374     -0.13874699      0.01073713      0.01770598      0.00166504      0.02970943      0.00525679     -0.00174232     -0.00846189     -0.01654484     -0.00203293     -0.00657398      0.00091116     -0.00698716      0.00687778      0.01612533      0.00280934      0.05120993     -0.00777041     -0.00328630      0.00203206      0.09348220     -0.04194221      0.01964765      0.09999508      0.10133795     -0.15042963     22.22906994     11.88756250     -4.39517792     -1.75680964     -1.20165120      0.45518379      0.09732575      0.01697770     -0.01690677     -0.00369483      0.00642707     -0.00367836      0.08201145     -0.07102769     -0.18092307     -0.00806180      0.01174394     -0.05500248
      0.00720635      0.00332897     -0.00178204     -0.01147862      0.00869775     -0.03568402     -0.49074264     -0.37706924      0.17637046     -3.09689564     -3.24458572      0.80836999     -0.33890463     -0.23767624      0.01222795      0.02957100     -0.00036659      0.02191748      0.00024147     -0.00009710     -0.00017642     -0.00305808      0.02037080     -0.01912803      0.00513267      0.01100053     -0.00005704      0.04645116      0.07080693      0.04236277      0.00125126      0.01729514      0.00573970     -0.02574462      0.05028093     -0.07338142      0.10923665     -0.20242736      0.30776372     11.88756250     12.41807311     -3.11343464      1.55045813      0.96189860     -0.33054324      0.00332072      0.02289002      0.05035517      0.00179340      0.01721965      0.00533861     -0.07946414     -0.05777725     -0.22110905     -0.01289492      0.02762467     -0.03649618
     -0.00812126     -0.00162900     -0.00169421      0.04519463      0.01978796      0.03532463      0.51569821      0.36666061     -0.20274657      1.26318339      0.79538236     -1.41890309     -0.64127792     -0.40709356      0.03368236     -0.00681156     -0.02731138      0.06092897      0.00286908     -0.00131530      0.00039797     -0.00830376     -0.02084685      0.01613378     -0.00916156     -0.00432626     -0.00409187     -0.07806243     -0.03889474     -0.02375634      0.00302449     -0.00037581     -0.00747882     -0.03824991     -0.05644939      0.09195565     -0.14621601      0.29311457     -0.28914336     -4.39517792     -3.11343464      5.99244735      0.77947105      0.54492806     -0.26572206      0.04972246      0.05573446      0.12124756      0.00447873      0.00137829     -0.00982677     -0.21593541     -0.24600436     -0.41880969      0.01687494      0.00489784     -0.03750669
      0.00539850     -0.00919843     -0.00849378      0.00124755      0.00269849      0.02211775     -0.15149543      0.11425240      0.05215487     -4.86255200      3.15973639      1.66091866      0.17909019     -0.18844920     -0.13219376      0.02029469     -0.02148401      0.00520956      0.00342250     -0.01158504      0.01764413      0.00124925     -0.00367458     -0.00128737     -0.00401949     -0.00015594     -0.00889550     -0.01452798     -0.00013430      0.00348394      0.01238349     -0.02330826     -0.07847807      0.11217582      0.06903245     -0.12725305      0.09154332     -0.02298336     -0.03976504     -1.75680964      1.55045813      0.77947105     18.10757595    -12.04301952     -5.94381170      0.06737572     -0.11449335     -0.23037503     -0.00322023     -0.00147306      0.02126848      0.10021934      0.01309721      0.04281918     -0.00548506     -0.00063567      0.00196536
