      3.04714084     -0.17469825     -0.10056617     -0.00374300     -0.00132497     -0.00259025     -0.30094914      0.14318054     -0.10927398     -0.00216306     -0.00344404     -0.00201994     -0.04326340      0.03294502     -0.07120998     -0.00197718     -0.00134969     -0.00225661     -0.00891245     -0.00945497     -0.00403292     -0.00408589     -0.00306502     -0.00295153     -0.00294131     -0.00134250     -0.00154182     -0.00279379     -0.00175773     -0.00301792     -3.89109013      3.11137114      1.31429920     -0.01088913     -0.01134628     -0.00742134     -4.25101401     -2.79416542      0.91351099     -0.00881356      0.01174138     -0.00644197      0.00507032     -0.00894282      0.06825408      0.03832134     -0.34602742      0.34704147     -0.01186571     -0.00499214     -0.03750561     -0.18717578      0.35152865     -0.41154933     -0.00894623     -0.00613740      0.01263710      0.00725183     -0.00406876      0.02884285     -0.00623802     -0.01140380     -0.03088335     -0.00017134     -0.01619279     -0.02406532     -0.00938294     -0.02818050     -0.00612541     -0.00814464     -0.00036414     -0.00385489     -0.00640769     -0.00552509     -0.00632251     -0.01043799     -0.01068436     -0.01417447     -0.01470994     -0.01292017      0.01161263     -0.01288912     -0.00897142     -0.00921949     -0.01033952     -0.01280279     -0.00690601     -0.00872918     -0.00978543     -0.01170885     -0.00688287     -0.00916026     -0.00774210     -0.26938197     -0.10130658     -0.31887863
     -0.17469825      2.74621641      0.23258323     -0.00057350      0.00356951      0.00185935      0.12469184     -0.63888280      0.30218142      0.00077968     -0.00706772     -0.00064860     -0.02237997     -0.04025765     -0.03957612      0.00258986      0.01235274      0.00259951      0.00871932      0.07138108      0.00814372     -0.00059807     -0.01895197      0.00090503     -0.00638027     -0.04280050     -0.00999900      0.00450603      0.02760679      0.00574028      3.08875667     -2.77664741     -1.33015260      0.00324464      0.00052297     -0.00022915     -2.80894857     -2.04607610      0.56104295     -0.00174496      0.00717812     -0.00071118      0.01171507     -0.00155973      0.00220169      0.12294360     -0.44387368      0.40784759      0.00059726      0.00120381     -0.01164989      0.12453521     -0.47835108      0.43181439     -0.00086135      0.00177830      0.00208613     -0.02099649      0.03711707     -0.01565220     -0.00003203     -0.00031935      0.00175238      0.01808463      0.02073493     -0.02358155      0.00164370     -0.00571867      0.00159345     -0.00714266     -0.00049780     -0.00893044      0.00198669      0.00287873     -0.00049747     -0.00082564     -0.00724884     -0.00705882      0.00170909      0.00330159     -0.00604688     -0.00343382      0.01123209      0.00340634      0.00709709     -0.00377489      0.00217632      0.01176650      0.00361321     -0.00228127     -0.00319786     -0.00144846      0.00469303     -0.08140676     -0.40165212     -0.43360563
     -0.10056617      0.23258323      3.02509998      0.00127062     -0.00092219     -0.00041072     -0.07196647      0.22965237     -0.60395746      0.00065433      0.00391000      0.00025125     -0.06576902      0.16317225     -0.23540211     -0.00025243     -0.00473563     -0.00099990     -0.01088127     -0.06604967     -0.02108603      0.00136474      0.01056908     -0.00047399      0.00298577      0.03315544      0.00154916     -0.00267334     -0.01529411     -0.00637901      0.88865073     -0.94137042     -1.12578413      0.00228673      0.00323824      0.00189618      1.56512062      1.09953181     -0.93295758      0.00285156     -0.00598004      0.00218403     -0.00529893      0.00345875     -0.01933168     -0.09155911      0.21839155     -0.27233734      0.00378898      0.00126198      0.01413541      0.04768409     -0.06939462      0.03798562      0.00283375      0.00180963     -0.00473786      0.00591118      0.01362785      0.03582982      0.00252841      0.00396747      0.00768137      0.01901433      0.01486243      0.05406875      0.00265132      0.01041687      0.00096477      0.01291396     -0.00267763      0.00360348      0.00155854      0.00064996      0.00208909     -0.00528993      0.00783833      0.00976521      0.00432909      0.00313875     -0.00084680      0.00796690     -0.00210918     -0.00042613      0.00073247      0.00525175      0.00259645     -0.00425874      0.00065264      0.00386604      0.00454178      0.00304339      0.00118961     -0.38958933     -0.58116154     -1.30350191
     -0.00374300     -0.00057350      0.00127062      4.35710683      0.13321070     -0.12202921      0.00097325      0.00067021     -0.00055813     -0.62989476      0.12674416     -0.14360669      0.00001438     -0.00042949     -0.00004788     -0.03174010      0.05187455     -0.07379753     -0.00008123      0.00041892     -0.00017022     -0.00724296     -0.00946215     -0.00797881     -0.00045735     -0.00099438     -0.00103173      0.00432826      0.00391917     -0.00323385      0.00220271      0.00051206      0.00029032     -5.16698160      3.29701216      1.52744429      0.00115662     -0.00000467     -0.00154482     -5.85956985     -3.21389703      1.44682800     -1.81983941     -1.14445669     -1.79087883      0.00165655      0.00103130     -0.00051812      0.17213930     -0.44344515      0.54091462     -0.00031304      0.00005826      0.00053990     -0.15760765      0.42264385     -0.52464376      0.00012915      0.00033565      0.00019800      0.01910436     -0.00411937      0.03759339     -0.00009131      0.00049213     -0.00020916      0.00867841      0.02399030     -0.01173449     -0.00022801      0.00004088      0.00026091      0.00831118      0.00783673     -0.00822087      0.00011699      0.00019021      0.00013736      0.00625529     -0.00747118      0.00003437     -0.00014267      0.00034444      0.00033175     -0.00087968     -0.00074690     -0.00212326      0.00033596      0.00016559     -0.00017350      0.00022816      0.00178356      0.00302452      0.00101623     -0.00001560     -0.00045157
     -0.00132497      0.00356951     -0.00092219      0.13321070      4.08525403      0.41855496      0.00056280     -0.00057367      0.00040766      0.13070839     -0.96594144      0.42770379     -0.00032568     -0.00005285     -0.00046873     -0.02109580      0.08921835     -0.07603538     -0.00050466      0.00034402     -0.00102610     -0.00899377     -0.01975883     -0.02373052     -0.00093055     -0.00206708     -0.00278556     -0.00229409      0.00871085     -0.00817098      0.00117199     -0.00201512      0.00307499      3.31644147     -3.90339977     -1.27680485      0.00243241     -0.00222120      0.00220974     -3.21793745     -3.36187643      0.97438704     -1.13337096     -3.12059019     -3.08556794      0.00286828      0.00017769     -0.00013941      0.14560047     -0.34683229      0.40385374     -0.00045026      0.00017068      0.00069466      0.12212747     -0.38098360      0.46397356      0.00003077     -0.00026082     -0.00002477     -0.01471135      0.01828065     -0.01946144      0.00049230     -0.00041037      0.00000058      0.00001902      0.01551039     -0.02192011     -0.00001643      0.00022512      0.00041714      0.00764922      0.00115829     -0.00137175     -0.00003525      0.00012971      0.00038318     -0.00717667      0.00376838      0.00473688     -0.00023539      0.00031601      0.00043149      0.00219003      0.00077529      0.00207737      0.00064485     -0.00018633      0.00010659     -0.00048910      0.00054402      0.00224232      0.00024679     -0.00095048      0.00023159
     -0.00259025      0.00185935     -0.00041072     -0.12202921      0.41855496      3.98843726      0.00069873      0.00009155     -0.00024575     -0.14445851      0.41702059     -1.05880277      0.00020693     -0.00054274     -0.00025168     -0.06391989      0.13680789     -0.21336727     -0.00021353      0.00105402     -0.00095112     -0.00865403     -0.02629288     -0.02470492     -0.00127304     -0.00309584     -0.00336134     -0.00219936      0.01127222     -0.00334914      0.00165206     -0.00130542      0.00128195      1.51870916     -1.26686389     -1.72869609      0.00139245     -0.00221893     -0.00028650      1.45563059      0.97735689     -1.59517473     -1.78312599     -3.11019003     -6.01886881      0.00116766     -0.00022794     -0.00055849     -0.06806868      0.17211924     -0.21532267      0.00003992     -0.00052930     -0.00001341      0.04310283     -0.12965134      0.15533149     -0.00018872     -0.00044387     -0.00060549      0.00565534      0.02985199      0.04302532     -0.00032783     -0.00045157     -0.00066445      0.02273776      0.01886335      0.05330029     -0.00004878     -0.00022331     -0.00019910      0.00110957     -0.00219625     -0.00207863     -0.00001346     -0.00018969     -0.00030597     -0.00883174      0.00366199     -0.00283059     -0.00031835     -0.00033708      0.00000467      0.00170933      0.00026407      0.00055271      0.00042041     -0.00071344      0.00001825     -0.00156721     -0.00092999     -0.00010047      0.00026538     -0.00092245      0.00049717
     -0.30094914      0.12469184     -0.07196647      0.00097325      0.00056280      0.00069873      4.30595263      0.01220280     -0.42464816      0.00035247      0.00094432      0.00067013     -0.65957003     -0.12982278     -0.17283834      0.00062785      0.00100508      0.00076440     -0.03369303     -0.01181700     -0.06819077      0.00051579      0.00066457      0.00008940     -0.00263583      0.00554080     -0.00256081      0.00532929     -0.00030089     -0.00025192     -0.23403497      0.43246625     -0.44135191      0.00267195      0.00380709      0.00231876     -0.05204186     -0.26613565      0.49151587      0.00218351     -0.00281663      0.00149552     -0.00129479      0.00237450     -0.02254548     -5.83356887     -3.23952381      1.33983480      0.00090048      0.00125577      0.01079819     -4.99414658      3.17870811      1.76601527      0.00292483      0.00150814     -0.00447257      0.19931307      0.30602662      0.52535431      0.00112855      0.00366276      0.00917489     -0.24536507     -0.35714473     -0.65267157      0.00265441      0.00893683      0.00222395      0.02092590     -0.00368285      0.04292063      0.00140703      0.00226596      0.00215829      0.01042837     -0.01565886     -0.00811952      0.00483156      0.00494634     -0.00438452      0.00860109     -0.00326100     -0.00555973      0.00260908      0.00240041      0.00403610      0.01213977      0.01056610      0.00513329      0.00103524      0.00484102      0.00032168     -0.08459657      0.00068937     -0.11185508
      0.14318054     -0.63888280      0.22965237      0.00067021     -0.00057367      0.00009155      0.01220280      3.87750487      0.18814740     -0.00013624      0.00138695      0.00033982     -0.13453718     -0.76662927     -0.37099722     -0.00056987     -0.00258968      0.00023064      0.03885648      0.05247883      0.10813356      0.00054570      0.00265258      0.00167705      0.00813723     -0.01021117      0.02607451      0.00155707     -0.00135527      0.00643172      0.05040881     -0.57706223      0.53040248     -0.00087214     -0.00037928     -0.00042519      0.19690298     -0.54397416      0.52146673      0.00141534     -0.00272569     -0.00048203     -0.00403707     -0.00001000     -0.00115652     -3.16681953     -3.31056036      0.81390632     -0.00059799     -0.00085043      0.00432823      3.17165974     -3.78036157     -1.49725638      0.00091816     -0.00086428     -0.00081607     -0.18929052     -0.30008761     -0.48572633      0.00092103     -0.00028684     -0.00070475     -0.15872383     -0.26542225     -0.43030826     -0.00031671      0.00159926     -0.00082029      0.01997170      0.01029347      0.02549149     -0.00013552     -0.00116540      0.00005823      0.00020592      0.01562822      0.03143313     -0.00062574     -0.00104258      0.00194814     -0.00572431     -0.00085475     -0.00017423     -0.00084269      0.00167606     -0.00310797      0.00222283      0.00067631     -0.00321886     -0.00004396      0.00139853     -0.00339018     -0.03727147      0.00688813     -0.04319291
     -0.10927398      0.30218142     -0.60395746     -0.00055813      0.00040766     -0.00024575     -0.42464816      0.18814740      3.32515847     -0.00006953     -0.00107019     -0.00056812     -0.17694705     -0.36631868     -1.04259053      0.00028317      0.00137306     -0.00018735     -0.07512310     -0.05034056     -0.22383188     -0.00133067     -0.00096683     -0.00263098     -0.00340778      0.01436892     -0.01512810     -0.00171761     -0.00229177      0.00046334      0.16281737      0.03062353      0.03017061     -0.00043786     -0.00063741     -0.00024563     -0.10760716      0.32124879     -0.29001285     -0.00144274      0.00212530     -0.00000398      0.00280734      0.00005144      0.00481366      1.29325585      0.80381916     -1.42171430     -0.00384276     -0.00008505     -0.00472627      1.78511338     -1.50487964     -1.88963348     -0.00125153      0.00021458      0.00127732     -0.10961989     -0.15893948     -0.32499651     -0.00077741     -0.00074528     -0.00181379      0.02900069      0.05926608      0.08073136     -0.00096227     -0.00304931     -0.00016984     -0.00511012     -0.03484376      0.03839678     -0.00041030      0.00047192      0.00073024      0.02440358     -0.03414666      0.05087681     -0.00051530      0.00018220      0.00068180     -0.00173874      0.00470094     -0.00029385     -0.00129747     -0.00014639     -0.00050209     -0.00505620     -0.00139549     -0.00267750      0.00055150     -0.00055196     -0.00022464     -0.08121796      0.05200613     -0.31863177
     -0.00216306      0.00077968      0.00065433     -0.62989476      0.13070839     -0.14445851      0.00035247     -0.00013624     -0.00006953      4.45340931     -0.02251526     -0.36553024      0.00059934     -0.00021098      0.00011536     -0.65867416     -0.13221231     -0.19219789     -0.00042607      0.00056706     -0.00030542     -0.03587249     -0.01842241     -0.05987029      0.00431819     -0.00249329     -0.00161478     -0.00554007      0.00630749     -0.00126524      0.00126920     -0.00104000      0.00039338     -0.15900579      0.43495290     -0.53272229      0.00030106     -0.00090822     -0.00043800      0.17418825     -0.46228045      0.54103576     -0.10039195      0.19181532     -0.17065283     -0.00017873      0.00057329     -0.00021710     -5.79487779     -3.08496356      1.29677167     -0.00027546     -0.00025020      0.00019559     -4.90843668      3.14195711      1.59883461     -0.00108782      0.00061252      0.00065346      0.17435735      0.31728589      0.52905182      0.00024964      0.00079920      0.00006260     -0.25982235     -0.38804010     -0.63751040     -0.00019439      0.00031396      0.00051042      0.01727613     -0.00729566      0.04571684     -0.00030866      0.00035001      0.00032972      0.00334536     -0.01426880     -0.01450266     -0.00046245     -0.00203094      0.00226135      0.00582425     -0.00641071     -0.00814579     -0.00103997      0.00195885     -0.00168480      0.00839508      0.00643294     -0.00000925      0.00036446      0.00018753     -0.00019013
     -0.00344404     -0.00706772      0.00391000      0.12674416     -0.96594144      0.41702059      0.00094432      0.00138695     -0.00107019     -0.02251526      4.08208325      0.02622700      0.00051745      0.00006251      0.00171036     -0.13072245     -0.81516661     -0.34738926      0.00086654     -0.00230081      0.00354084      0.05077483      0.09334191      0.13243062      0.00404479      0.00836082      0.01068449      0.00687866     -0.03210624      0.02502505      0.00206166      0.00395305     -0.00453258      0.11725010     -0.39803635      0.43189287      0.00061119      0.00291140     -0.00668382      0.12528117     -0.36239173      0.37867433     -0.10594033      0.30693564     -0.35490522      0.00008175      0.00058704     -0.00061598     -3.10943444     -3.30264519      0.83829964     -0.00046964     -0.00023680      0.00031435      3.13767094     -3.89272925     -1.35397424      0.00042641     -0.00014145     -0.00010222     -0.17588099     -0.31759594     -0.48181272      0.00044085     -0.00013601     -0.00027936     -0.16234601     -0.28173977     -0.41791151     -0.00007091      0.00044330     -0.00056394      0.01161880      0.01121770      0.01887471     -0.00072192     -0.00038459     -0.00052745      0.00416591      0.01205612      0.02449998      0.00203643      0.00115995     -0.00279737     -0.00838462      0.00330411      0.00059966     -0.00149581      0.00131542     -0.00175785      0.00716318      0.00232079     -0.00498096      0.00150732      0.00244273     -0.00007259
     -0.00201994     -0.00064860      0.00025125     -0.14360669      0.42770379     -1.05880277      0.00067013      0.00033982     -0.00056812     -0.36553024      0.02622700      3.53714149      0.00034473     -0.00102862     -0.00067131     -0.19320455     -0.35445727     -1.09549434     -0.00045054      0.00294395     -0.00221807     -0.07066050     -0.07104705     -0.20822412     -0.00284191     -0.00834668     -0.00225696     -0.00130736      0.02202013     -0.01290686      0.00157616     -0.00020360     -0.00090344      0.04230479     -0.14780641      0.15285150      0.00043977     -0.00074404     -0.00234805     -0.06577888      0.16268331     -0.21682374     -0.13463044      0.51429265     -0.50320949      0.00014762      0.00032461     -0.00078869      1.30291780      0.83763998     -1.48263722     -0.00053123      0.00009727     -0.00008829      1.59380068     -1.34362058     -1.79480819      0.00011966     -0.00013495     -0.00050494     -0.11246923     -0.18185567     -0.31513096     -0.00007644     -0.00023729     -0.00062968      0.04368409      0.05883518      0.08624326     -0.00106293      0.00004952      0.00024181     -0.00027990     -0.03340857      0.03700344      0.00034285      0.00019189     -0.00000163      0.02463835     -0.03121771      0.05607968     -0.00115005      0.00110906     -0.00068745     -0.00001480      0.00199658     -0.00393290      0.00179470     -0.00052587     -0.00019523     -0.00805426     -0.00213234     -0.00414979      0.00053392      0.00040017      0.00007698
     -0.04326340     -0.02237997     -0.06576902      0.00001438     -0.00032568      0.00020693     -0.65957003     -0.13453718     -0.17694705      0.00059934      0.00051745      0.00034473      4.41212598     -0.00427413     -0.36691312     -0.00054808     -0.00070313     -0.00068823     -0.60253582      0.11144518     -0.10267458      0.00405130      0.00428126     -0.00323146     -0.03470954      0.05201563     -0.07315290     -0.00798345     -0.01003272     -0.00682573      0.00619583     -0.01551563     -0.00178864     -0.00314397      0.00239723      0.00143201      0.01850059     -0.01444999      0.02974985      0.00357492      0.00221942     -0.00055852     -0.00109442     -0.00216865     -0.00433706     -0.23579480     -0.35255857     -0.63175555     -0.00049939     -0.00149636      0.00079817      0.20287323      0.29877900      0.51179126      0.00039260      0.00002435     -0.00012079     -4.79501829      3.10568153      1.56454680      0.00250246     -0.00208569     -0.00032312     -5.87423955     -3.01571197      1.26999971     -0.00268579     -0.00159775      0.00180917      0.13539880     -0.47101326      0.52726832     -0.00030787      0.00181033      0.00248090     -0.15741066      0.44049689     -0.50469897     -0.00038854     -0.00090667     -0.00272111      0.01678531      0.00009532      0.04167950      0.00596877     -0.00716063      0.00022531      0.00491751      0.01775318     -0.01576303      0.00918605      0.00652190     -0.00614690      0.00592640      0.00726429     -0.00728190
      0.03294502     -0.04025765      0.16317225     -0.00042949     -0.00005285     -0.00054274     -0.12982278     -0.76662927     -0.36631868     -0.00021098      0.00006251     -0.00102862     -0.00427413      4.01960060      0.08378244     -0.00043500     -0.00052568     -0.00224509      0.11738167     -0.93247919      0.40995457     -0.00284220      0.00491937     -0.00722676     -0.01781005      0.07489128     -0.06895230     -0.00805198     -0.01374928     -0.02149965      0.02340617      0.09102259     -0.04019738      0.00013552     -0.00011852      0.00044929     -0.01384324      0.08755892     -0.05334795     -0.00031230      0.00071472      0.00003830      0.00199418      0.00073768     -0.00003458     -0.15276410     -0.26086482     -0.41782784      0.00077002     -0.00050036     -0.00180126     -0.19282614     -0.28593768     -0.45701343     -0.00029127      0.00031148      0.00062500      3.09353386     -3.92214723     -1.35274377     -0.00042773      0.00020222      0.00098152     -3.02526544     -3.17743307      0.78641891      0.00061160     -0.00152047      0.00024166      0.10234403     -0.37067612      0.37675427     -0.00064812      0.00047671      0.00206105      0.12663486     -0.42690247      0.44278900      0.00165329      0.00112842      0.00068977     -0.01515377      0.01432927     -0.02867295     -0.00525892      0.00286246      0.00468281     -0.00385379      0.01107361     -0.02919313      0.00657102      0.00026986      0.00177511      0.01935180      0.02728045      0.02939945
     -0.07120998     -0.03957612     -0.23540211     -0.00004788     -0.00046873     -0.00025168     -0.17283834     -0.37099722     -1.04259053      0.00011536      0.00171036     -0.00067131     -0.36691312      0.08378244      3.45670515     -0.00138971     -0.00370249     -0.00334415     -0.10314372      0.38706859     -0.94754263     -0.00112272      0.01217953     -0.00188230     -0.05959159      0.13683528     -0.21396179     -0.00699320     -0.02856134     -0.02149658      0.01252964     -0.05933361      0.07126828     -0.00000197      0.00042152      0.00038121      0.01029300     -0.06624206      0.05938880      0.00084315      0.00033685      0.00038271      0.00040612      0.00100260     -0.00059996      0.02956492      0.07702319      0.09130238      0.00176961      0.00000078      0.00065551     -0.12255017     -0.15322904     -0.31178551      0.00138420      0.00013278      0.00015994      1.56426228     -1.36106333     -1.78915782     -0.00003724      0.00015765      0.00048577      1.26162189      0.77708115     -1.45924396      0.00094874     -0.00030883      0.00085093     -0.05860645      0.18790715     -0.23454925     -0.00166205     -0.00085079     -0.00015020      0.03627871     -0.12473268      0.12149235      0.00259360     -0.00004415      0.00051547      0.00623208      0.02570001      0.04091456     -0.00727432      0.00371747      0.00023005      0.02705537      0.01876188      0.05540249      0.00168872     -0.00173206     -0.00144008     -0.01149268      0.01359553     -0.01920419
     -0.00197718      0.00258986     -0.00025243     -0.03174010     -0.02109580     -0.06391989      0.00062785     -0.00056987      0.00028317     -0.65867416     -0.13072245     -0.19320455     -0.00054808     -0.00043500     -0.00138971      4.42801535      0.00188755     -0.35163461      0.00402475      0.00298060     -0.00288098     -0.61604394      0.11553612     -0.11726436     -0.00825534     -0.00837536     -0.00634415     -0.03569395      0.05029084     -0.07067106      0.00114463     -0.00248079      0.00169220      0.00275585     -0.01938768     -0.01819420      0.00160437     -0.00221269      0.00103407      0.02302194     -0.00328243      0.04958826      0.00087442      0.01845164     -0.01699223      0.00066219      0.00059019     -0.00012058     -0.25973306     -0.39099531     -0.63628687      0.00008749     -0.00000276      0.00074555      0.18047383      0.31713643      0.52450082      0.00044829     -0.00030878      0.00045175     -4.83277054      3.09496871      1.55091069     -0.00019682     -0.00012843      0.00029213     -5.79998210     -3.03883871      1.28382767     -0.00005560      0.00091808      0.00342294      0.13840088     -0.47377047      0.53601405      0.00032687     -0.00223663     -0.00189018     -0.16744565      0.44857195     -0.50250350      0.00583942     -0.00742229     -0.00019888      0.01666070      0.00023587      0.04200664      0.00885950      0.00691941     -0.00710767      0.00545243      0.01840931     -0.01525875      0.00037270     -0.00087469     -0.00031081
     -0.00134969      0.01235274     -0.00473563      0.05187455      0.08921835      0.13680789      0.00100508     -0.00258968      0.00137306     -0.13221231     -0.81516661     -0.35445727     -0.00070313     -0.00052568     -0.00370249      0.00188755      4.06631521      0.05327580     -0.00300899      0.00652979     -0.00951879      0.11536733     -0.96355722      0.39395310     -0.00906161     -0.02003844     -0.02523049     -0.01930201      0.09351047     -0.07603575      0.00038775     -0.00748126      0.00796381      0.00047444      0.01563346      0.02333647      0.00319775     -0.00708371      0.00801152      0.01466180      0.01474448      0.01458185      0.04385978     -0.07854918      0.13992012      0.00041317     -0.00010286      0.00020145     -0.16073308     -0.28485189     -0.41951813      0.00024596      0.00040243      0.00135921     -0.17875126     -0.31814252     -0.47806382      0.00007073     -0.00040107      0.00067660      3.12103720     -3.87456616     -1.31006622      0.00045145     -0.00075368      0.00043022     -3.04077017     -3.22305298      0.83234421      0.00048823      0.00090693      0.00340021      0.10825802     -0.36820048      0.38270125      0.00160791      0.00142237      0.00290942      0.13343819     -0.41629591      0.43539041     -0.00565766      0.00263731      0.00622486     -0.01277223      0.01234198     -0.02651289      0.00785371      0.00042247      0.00149151     -0.00638312      0.01043103     -0.02572480     -0.00022851     -0.00404253      0.00003385
     -0.00225661      0.00259951     -0.00099990     -0.07379753     -0.07603538     -0.21336727      0.00076440      0.00023064     -0.00018735     -0.19219789     -0.34738926     -1.09549434     -0.00068823     -0.00224509     -0.00334415     -0.35163461      0.05327580      3.51928696     -0.00174319      0.00974294     -0.00204748     -0.11664334      0.39559432     -0.98664755     -0.00735300     -0.02369658     -0.02151447     -0.05889445      0.12959673     -0.20803176      0.00115374     -0.00203816      0.00149009      0.02488465     -0.02910654      0.05983868      0.00148905     -0.00252518      0.00021932      0.00222024     -0.03480342      0.04185525     -0.02417903      0.06453798     -0.06314500     -0.00053111      0.00014504     -0.00048768      0.03753974      0.05809186      0.08168358      0.00005206     -0.00009880      0.00015522     -0.11188717     -0.18531271     -0.32204678     -0.00053592     -0.00042471      0.00042468      1.55345335     -1.30309608     -1.77184866      0.00029907     -0.00078615      0.00033197      1.28634294      0.83046353     -1.47488651     -0.00026753     -0.00063285     -0.00005163     -0.05945846      0.18614851     -0.22172140      0.00153906      0.00038809      0.00044356      0.04548977     -0.13202131      0.14428817     -0.00958928      0.00420195     -0.00227835      0.00295374      0.02820795      0.04148010      0.00047318     -0.00167841     -0.00328212      0.02832389      0.01989236      0.05365078      0.00008492     -0.00110500     -0.00041514
     -0.00891245      0.00871932     -0.01088127     -0.00008123     -0.00050466     -0.00021353     -0.03369303      0.03885648     -0.07512310     -0.00042607      0.00086654     -0.00045054     -0.60253582      0.11738167     -0.10314372      0.00402475     -0.00300899     -0.00174319      4.42884619     -0.00277552     -0.35882576     -0.00502215      0.00744554     -0.00146987     -0.65440482     -0.13121468     -0.19570608     -0.03528439     -0.01855267     -0.05987140      0.00125250     -0.01440614      0.00876563     -0.00067620     -0.00026343      0.00002171      0.01252187     -0.00735192      0.00446244      0.00021690      0.00010735      0.00000912     -0.00050178     -0.00016118     -0.00063072      0.00799726      0.01784534     -0.01659446      0.00043887      0.00002422     -0.00003992      0.01602440     -0.00254503      0.03862366     -0.00002667     -0.00025038      0.00006383     -0.16267227      0.45032569     -0.50257490     -0.00037037     -0.00204556      0.00134359      0.13420733     -0.47665437      0.53283144     -0.00052819      0.00217186     -0.00193814     -5.91046020     -3.02407846      1.26885132      0.00799185      0.00663448      0.00005934     -4.76224762      3.11269769      1.57962524      0.00712863     -0.00714401     -0.00805173      0.17984522      0.29754469      0.51333136      0.00211188     -0.01338632     -0.01453306     -0.26233498     -0.37629975     -0.64677763      0.01801844     -0.00837106      0.04502094      0.00112607     -0.00339503     -0.00195075
     -0.00945497      0.07138108     -0.06604967      0.00041892      0.00034402      0.00105402     -0.01181700      0.05247883     -0.05034056      0.00056706     -0.00230081      0.00294395      0.11144518     -0.93247919      0.38706859      0.00298060      0.00652979      0.00974294     -0.00277552      4.02976626      0.08525629      0.00618225     -0.02692053      0.02255689     -0.13088511     -0.78735926     -0.34912250      0.04961636      0.08216093      0.12849105     -0.01552253     -0.06036330      0.04687354     -0.00025992     -0.00021901     -0.00014944      0.02439726     -0.05968820      0.04649696      0.00078723     -0.00061811     -0.00016745     -0.00106043     -0.00097246      0.00070531     -0.00567989      0.01852741     -0.03455092      0.00146176     -0.00029040      0.00107873     -0.01466029      0.01862481     -0.02906405      0.00029972     -0.00069356     -0.00048289      0.13539555     -0.43028308      0.44395398      0.00104987      0.00023917     -0.00281124      0.09818452     -0.37462111      0.38617467     -0.00175589      0.00159722     -0.00170094     -3.02156482     -3.15778533      0.79124364      0.00635136      0.00135470     -0.00466563      3.13416361     -3.96053580     -1.36985733     -0.00793062      0.00253614      0.00182225     -0.18527482     -0.31287549     -0.48652701      0.00229916      0.01088687      0.02397034     -0.15894692     -0.26642481     -0.40861322      0.01247835      0.01095609      0.01698252     -0.00751720     -0.02097691     -0.00583672
     -0.00403292      0.00814372     -0.02108603     -0.00017022     -0.00102610     -0.00095112     -0.06819077      0.10813356     -0.22383188     -0.00030542      0.00354084     -0.00221807     -0.10267458      0.40995457     -0.94754263     -0.00288098     -0.00951879     -0.00204748     -0.35882576      0.08525629      3.48433794     -0.00081518      0.02646794     -0.01368713     -0.19438320     -0.34655937     -1.08222446     -0.07317976     -0.07343204     -0.21284070     -0.01201685     -0.01569308      0.01681894     -0.00004885      0.00017979      0.00021812      0.01727616     -0.01692443      0.01320593      0.00013784     -0.00016326      0.00027825     -0.00065384      0.00113096     -0.00229380      0.02766405      0.01520662      0.05340367     -0.00064331      0.00024223      0.00135189      0.00725258      0.02000771      0.04327510      0.00091054      0.00009143      0.00021921      0.04261328     -0.13384657      0.12955684     -0.00107387      0.00138903     -0.00096859     -0.05764060      0.18683320     -0.22757732      0.00227247      0.00030393     -0.00016678      1.27015388      0.78876713     -1.44446249     -0.00719577     -0.00177989     -0.00174929      1.57887428     -1.36270661     -1.79787869      0.00096592      0.00232927     -0.00208247     -0.11724767     -0.17672065     -0.32450963      0.02354498     -0.03092719      0.05312686      0.03578727      0.05490410      0.07107036      0.00081632     -0.03144093      0.03904934     -0.00324139     -0.00602967     -0.00335155
     -0.00408589     -0.00059807      0.00136474     -0.00724296     -0.00899377     -0.00865403      0.00051579      0.00054570     -0.00133067     -0.03587249      0.05077483     -0.07066050      0.00405130     -0.00284220     -0.00112272     -0.61604394      0.11536733     -0.11664334     -0.00502215      0.00618225     -0.00081518      4.43349104     -0.00953955     -0.34279838     -0.03573207     -0.01730825     -0.05959634     -0.65584874     -0.13069364     -0.19751999      0.00108548     -0.00027671      0.00004928      0.00570056     -0.00627983      0.00061581      0.00140191     -0.00048188     -0.00231813      0.00669497      0.00565574     -0.00740126      0.01069554      0.01024616     -0.01481424     -0.00091968      0.00041215     -0.00065776      0.00459972      0.01728203     -0.01798882      0.00022274     -0.00081819      0.00010123      0.01583710      0.00071802      0.04189557     -0.00339748      0.00042398      0.00330964     -0.16577947      0.43948538     -0.50936271      0.00208070      0.00400555     -0.00256660      0.14060183     -0.46420880      0.53520790      0.00771517      0.00584595     -0.00039990     -5.82501667     -3.03205370      1.27671695      0.00478775     -0.00593339     -0.00842017     -4.81381536      3.11908905      1.57419113      0.00701747     -0.01704165     -0.01553002      0.17770781      0.30586118      0.52403658      0.01386556     -0.00986656      0.04698405     -0.26063823     -0.37900729     -0.64478980      0.00080917      0.00038596     -0.00032135
     -0.00306502     -0.01895197      0.01056908     -0.00946215     -0.01975883     -0.02629288      0.00066457      0.00265258     -0.00096683     -0.01842241      0.09334191     -0.07104705      0.00428126      0.00491937      0.01217953      0.11553612     -0.96355722      0.39559432      0.00744554     -0.02692053      0.02646794     -0.00953955      4.05116472      0.07061681      0.05081954      0.08752285      0.13187426     -0.13158923     -0.80334981     -0.34726216      0.00210041      0.01138831     -0.01046775     -0.00658628      0.00297265      0.00585217     -0.00258825      0.00994640     -0.01340761      0.00714248      0.00110851      0.00120388     -0.01328078      0.02339169     -0.03720671     -0.00012977      0.00010746     -0.00026076     -0.00699628      0.00862310     -0.02865068     -0.00061914     -0.00135735      0.00007929     -0.01320614      0.01023119     -0.02976286      0.00041382      0.00137148     -0.00181167      0.12754146     -0.41092389      0.43809502     -0.00068803      0.00162319     -0.00129982      0.11362459     -0.36297983      0.38323513      0.00628131      0.00123022     -0.00522719     -3.03718423     -3.20035196      0.80659781     -0.00846296      0.00162129      0.00049942      3.10898855     -3.90728053     -1.34260123      0.00261176      0.01253229      0.02455003     -0.18118894     -0.31112830     -0.48385951      0.01264728      0.01193482      0.01842529     -0.15970567     -0.26719799     -0.41077256      0.00200846      0.00638265     -0.00028754
     -0.00295153      0.00090503     -0.00047399     -0.00797881     -0.02373052     -0.02470492      0.00008940      0.00167705     -0.00263098     -0.05987029      0.13243062     -0.20822412     -0.00323146     -0.00722676     -0.00188230     -0.11726436      0.39395310     -0.98664755     -0.00146987      0.02255689     -0.01368713     -0.34279838      0.07061681      3.53769583     -0.07224599     -0.07038161     -0.21335448     -0.19730436     -0.34651319     -1.09606747      0.00100980     -0.00126381      0.00030960     -0.00815237      0.00221269     -0.00246200      0.00137515     -0.00187720     -0.00121410     -0.00030757     -0.00276628     -0.00241057     -0.01143802      0.02867679     -0.01865171     -0.00022244      0.00038816     -0.00034730      0.02696036      0.02226805      0.05242417     -0.00046261      0.00005508      0.00063507      0.00340973      0.02714743      0.03820589     -0.00128954      0.00065631     -0.00092294      0.04831036     -0.13279218      0.13313279      0.00099499     -0.00075255     -0.00052269     -0.06567285      0.17706512     -0.22424879     -0.00739987     -0.00178902     -0.00366333      1.27867741      0.80442359     -1.46555595     -0.00040661      0.00234246     -0.00365326      1.57344961     -1.34795953     -1.79479292      0.02521766     -0.03323238      0.05308476     -0.11187363     -0.17861469     -0.31178059     -0.00139453     -0.03373192      0.03922329      0.03842310      0.05631285      0.08528644      0.00036230     -0.00026627     -0.00012341
     -0.00294131     -0.00638027      0.00298577     -0.00045735     -0.00093055     -0.00127304     -0.00263583      0.00813723     -0.00340778      0.00431819      0.00404479     -0.00284191     -0.03470954     -0.01781005     -0.05959159     -0.00825534     -0.00906161     -0.00735300     -0.65440482     -0.13088511     -0.19438320     -0.03573207      0.05081954     -0.07224599      4.42682108     -0.00877821     -0.35057496     -0.61132165      0.11072902     -0.10704223      0.00410342      0.00192264     -0.00181607     -0.00002978     -0.00009873      0.00014093      0.00229276      0.00066842     -0.00622936      0.00051418      0.00008818     -0.00033303     -0.00035216      0.00080156     -0.00215121      0.00693340      0.00799704     -0.00180777     -0.00014740      0.00105424      0.00253335      0.00545861     -0.00597919     -0.00656310     -0.00046315     -0.00173618     -0.00213254      0.00421586     -0.01534561     -0.01245493      0.00735941     -0.00760554     -0.00077325      0.01785251     -0.00803913      0.04358435      0.00801257      0.00679399     -0.00651141     -0.26417370     -0.38351079     -0.64220269      0.00514018      0.01745854     -0.01783657      0.18025033      0.30280927      0.51488710      0.01563043      0.00018317      0.04216657     -4.75666530      3.12499257      1.56816849     -0.15918123      0.44214889     -0.50372671     -5.90559830     -3.01158327      1.26707274      0.13717735     -0.47425746      0.53513897      0.00145248      0.00170035     -0.00161997
     -0.00134250     -0.04280050      0.03315544     -0.00099438     -0.00206708     -0.00309584      0.00554080     -0.01021117      0.01436892     -0.00249329      0.00836082     -0.00834668      0.05201563      0.07489128      0.13683528     -0.00837536     -0.02003844     -0.02369658     -0.13121468     -0.78735926     -0.34655937     -0.01730825      0.08752285     -0.07038161     -0.00877821      4.04338319      0.08710370      0.11149389     -0.95898298      0.39740008      0.00818525      0.03164353     -0.02795999     -0.00070727      0.00006087      0.00019738     -0.01031898      0.02944143     -0.03177364      0.00023106     -0.00031397     -0.00034523     -0.00102348      0.00238973     -0.00419130      0.00636332      0.00157735     -0.00286198     -0.00052099     -0.00013230      0.00145005     -0.00749070      0.00000895      0.00148544      0.00149314      0.00112648      0.00200369      0.00096748      0.01618517      0.02463425     -0.00695068      0.00361104      0.00629090      0.01485937      0.01290957      0.01678879      0.00726777      0.00026313      0.00046055     -0.16248876     -0.26867255     -0.41077933     -0.00689366      0.00977607     -0.02901117     -0.18386409     -0.31352660     -0.48771483     -0.01418575      0.01153073     -0.03087827      3.10836772     -3.96255106     -1.36379407      0.12455003     -0.42217272      0.44542450     -3.02023680     -3.14432283      0.77964097      0.10547270     -0.36205765      0.37830369      0.00460306      0.01399143      0.00037314
