      4.34839110      0.12840616     -0.10472463     -0.62545949      0.12527105     -0.12971151     -0.03015766      0.05659334     -0.07185259     -0.00604292     -0.00892950     -0.01027684     -5.05164885      3.26780221      1.66345038     -5.98816552     -3.22391033      1.30383209     -1.84988927     -1.06913840     -1.88173056      0.16823615     -0.46984680      0.52763819     -0.14317937      0.43591605     -0.50083285      0.02031656     -0.00495267      0.03678007      0.00962722      0.02385855     -0.01358056      0.00879396      0.00515877     -0.00825919      0.00798673     -0.00679154      0.00164487      0.01213255      0.00904830     -0.01500688
      0.12840616      4.02803513      0.42306800      0.13038405     -1.01072033      0.43537063     -0.01577754      0.08514292     -0.05829683     -0.00884217     -0.01482293     -0.02412376      3.25183561     -3.90210073     -1.40039103     -3.24229859     -3.34900155      0.85188424     -1.06149727     -2.77415948     -2.87921944      0.13981618     -0.37170796      0.38707651      0.10604999     -0.39586412      0.45006013     -0.01501645      0.01524007     -0.02527419     -0.00151910      0.01457382     -0.02600657      0.00840907      0.00557991      0.00059143     -0.00832322      0.00356891      0.00467340     -0.01253069      0.02376915     -0.03377158
     -0.10472463      0.42306800      4.03145150     -0.12982521      0.41857580     -1.02100353     -0.06127505      0.15300115     -0.21055443     -0.01082399     -0.02430395     -0.02976640      1.64946767     -1.40270011     -1.86136160      1.31077392      0.85922294     -1.50255838     -1.88410616     -2.91554574     -6.28314086     -0.05996454      0.16461125     -0.18697997      0.05109536     -0.15768196      0.16726988      0.00406687      0.03094544      0.04239220      0.02271420      0.01904851      0.05226344      0.00045508     -0.00346450     -0.00138125     -0.00693685      0.00402761     -0.00220988     -0.01163618      0.02964082     -0.02480584
     -0.62545949      0.13038405     -0.12982521      4.46166068     -0.00334407     -0.35407736     -0.66461894     -0.12610621     -0.20341108     -0.03032818     -0.01592640     -0.05939121     -0.14910000      0.45989476     -0.49933636      0.16411457     -0.49875129      0.52735601     -0.09901074      0.20647461     -0.16612267     -5.89079185     -3.09765454      1.15874634     -4.83087331      3.07343548      1.68848965      0.17441072      0.29760589      0.53337866     -0.26726739     -0.37299533     -0.66325397      0.02374837     -0.00556227      0.04832018      0.00200737     -0.01926128     -0.01886684      0.00192068      0.01272869     -0.01407120
      0.12527105     -1.01072033      0.41857580     -0.00334407      4.10007270      0.05746515     -0.12550041     -0.79067189     -0.34246327      0.05628812      0.08652037      0.15052856      0.10902815     -0.42219560      0.40294480      0.12048587     -0.38450227      0.35817449     -0.09527573      0.29464847     -0.33327921     -3.11662815     -3.30295073      0.73535532      3.09686340     -3.85355029     -1.44077470     -0.17635405     -0.30293814     -0.49189058     -0.16014679     -0.26878601     -0.43085959      0.01891309      0.01499485      0.01146818     -0.00193584      0.02065152      0.01995432      0.04343960     -0.08964441      0.14735283
     -0.12971151      0.43537063     -1.02100353     -0.35407736      0.05746515      3.53462526     -0.20147059     -0.34326965     -1.13528122     -0.06914048     -0.06097116     -0.20560956      0.04563547     -0.17122585      0.17910893     -0.05874874      0.16003281     -0.18523689     -0.12915104      0.55384343     -0.49053673      1.15976339      0.73611837     -1.40784469      1.68842014     -1.42500711     -1.89913565     -0.11919445     -0.19083949     -0.35366593      0.03777013      0.04382986      0.06084389      0.00313358     -0.03883425      0.04097716      0.02237280     -0.02973560      0.05884392     -0.01933197      0.05291202     -0.05641394
     -0.03015766     -0.01577754     -0.06127505     -0.66461894     -0.12550041     -0.20147059      4.45845668     -0.01204023     -0.35295516     -0.62447140      0.12734566     -0.13132928      0.00091855     -0.01700933     -0.01917469      0.02655242     -0.00537591      0.04941846      0.00127937      0.01354992     -0.01549532     -0.26680566     -0.37061406     -0.66269375      0.17502608      0.29971794      0.54159343     -4.82583297      3.10468661      1.66580185     -5.91054170     -3.09660612      1.17459179      0.16113356     -0.49198353      0.53684938     -0.14418995      0.44814016     -0.51363643     -0.09445159      0.20328832     -0.16978689
      0.05659334      0.08514292      0.15300115     -0.12610621     -0.79067189     -0.34326965     -0.01204023      4.09027131      0.05035919      0.12394966     -1.00407594      0.42482683     -0.00639755      0.01612236      0.02007216      0.01530656      0.01508611      0.01218300      0.04482357     -0.09069746      0.14360644     -0.16121762     -0.26976267     -0.43312951     -0.18101787     -0.29193226     -0.48906629      3.10259079     -3.88725619     -1.41465023     -3.11339500     -3.26087870      0.74257411      0.11941463     -0.37771415      0.36408650      0.10427894     -0.40844775      0.42076289     -0.10079935      0.29714842     -0.33531711
     -0.07185259     -0.05829683     -0.21055443     -0.20341108     -0.34246327     -1.13528122     -0.35295516      0.05035919      3.55121186     -0.12907310      0.43269410     -1.03486727      0.02639010     -0.03275814      0.06233589      0.00238327     -0.03979004      0.04019236     -0.02017007      0.05603140     -0.05657496      0.03746357      0.03591329      0.06402712     -0.12343677     -0.17389485     -0.34193226      1.65234242     -1.40664567     -1.87786937      1.17868588      0.74238198     -1.41227784     -0.05926609      0.15545048     -0.18819396      0.04749617     -0.17233805      0.16395961     -0.12630710      0.54832632     -0.51365443
     -0.00604292     -0.00884217     -0.01082399     -0.03032818      0.05628812     -0.06914048     -0.62447140      0.12394966     -0.12907310      4.36660072      0.13106767     -0.11496460      0.00844975     -0.00766703      0.00028570      0.00751127      0.00527633     -0.00854011      0.01052246      0.01052169     -0.01673759      0.00535233      0.02006101     -0.01094208      0.02319910     -0.01021685      0.03447566     -0.14461630      0.43626517     -0.50344651      0.16409722     -0.47210916      0.53285981     -5.97607307     -3.22779946      1.32495422     -5.12374616      3.28959052      1.58906072     -1.80839238     -1.06003379     -1.82489056
     -0.00892950     -0.01482293     -0.02430395     -0.01592640      0.08652037     -0.06097116      0.12734566     -1.00407594      0.43269410      0.13106767      4.05597320      0.41994092     -0.01402502      0.00376300      0.00518150      0.00813861      0.00476239     -0.00139584     -0.01315957      0.02167654     -0.03472599     -0.00098286      0.01396002     -0.02579283     -0.01550801      0.01998508     -0.02089955      0.11077050     -0.40424641      0.44360291      0.13971837     -0.36079281      0.38881513     -3.23750790     -3.35712830      0.86716173      3.29978011     -3.91028795     -1.34224011     -1.06593257     -2.88308734     -2.96564200
     -0.01027684     -0.02412376     -0.02976640     -0.05939121      0.15052856     -0.20560956     -0.13132928      0.42482683     -1.03486727     -0.11496460      0.41994092      3.99639284     -0.01594623      0.00195836     -0.00132146      0.00080164     -0.00450819     -0.00082314     -0.01395646      0.03179484     -0.02406591      0.02377908      0.01734425      0.05444068      0.00755498      0.02667097      0.04193223      0.04480359     -0.14390517      0.17452871     -0.06102025      0.16002664     -0.19121703      1.32201512      0.87173470     -1.51063634      1.58841367     -1.34039673     -1.78493153     -1.81500710     -2.97394267     -6.20327762
     -5.05164885      3.25183561      1.64946767     -0.14910000      0.10902815      0.04563547      0.00091855     -0.00639755      0.02639010      0.00844975     -0.01402502     -0.01594623     18.82966736    -12.57442667     -6.17118531     -1.71196648      1.53599865      0.73699721      0.66990115     -0.67770975     -0.33836475      0.09416138     -0.02595946     -0.04235329      0.10213568      0.08697371     -0.11793762     -0.00559127     -0.00775831     -0.07230191     -0.00858221      0.00892288      0.00677448      0.01353070     -0.00066682     -0.01062839     -0.01408437      0.00814738      0.01080241     -0.00599990      0.00112993      0.00006397
      3.26780221     -3.90210073     -1.40270011      0.45989476     -0.42219560     -0.17122585     -0.01700933      0.01612236     -0.03275814     -0.00766703      0.00376300      0.00195836    -12.57442667     14.88205164      5.02494743     -1.24885098      1.06873506      0.55616221      1.02491794     -0.89363012     -0.34379583     -0.04342661      0.05082910     -0.05417637      0.05475727     -0.21668202      0.37201993      0.00795124      0.05126599      0.07606977      0.00037286      0.00448184      0.00234305     -0.00175158      0.00512472      0.00430179     -0.01362056      0.00351417     -0.01345640      0.00252803      0.00621026      0.00832107
      1.66345038     -1.40039103     -1.86136160     -0.49933636      0.40294480      0.17910893     -0.01917469      0.02007216      0.06233589      0.00028570      0.00518150     -0.00132146     -6.17118531      5.02494743      6.92392868      0.38275986     -0.36052841     -0.31003438      1.88346465     -1.43782191     -0.78941688      0.02393905     -0.07472790      0.10373948     -0.14247214      0.31706708     -0.28835171      0.04723657     -0.04303394     -0.00673497      0.00305939     -0.00597510     -0.00805658     -0.01109978     -0.00324640      0.00431208      0.02052056     -0.02462559      0.00151471      0.01263486     -0.00776920      0.00593822
     -5.98816552     -3.24229859      1.31077392      0.16411457      0.12048587     -0.05874874      0.02655242      0.01530656      0.00238327      0.00751127      0.00813861      0.00080164     -1.71196648     -1.24885098      0.38275986     22.35219285     12.32060296     -4.92136614     -0.74022811     -0.33362918      0.28369491      0.09965575      0.12283330     -0.14885823      0.10228406     -0.04903245      0.03745685     -0.01060312     -0.00661726      0.00520557      0.01262113     -0.00361081      0.05327797     -0.02203721     -0.00721634     -0.00028788      0.01383587     -0.01474421      0.00059682      0.01235570     -0.00900128      0.01965810
     -3.22391033     -3.34900155      0.85922294     -0.49875129     -0.38450227      0.16003281     -0.00537591      0.01508611     -0.03979004      0.00527633      0.00476239     -0.00450819      1.53599865      1.06873506     -0.36052841     12.32060296     12.69805547     -3.64129265     -1.10542401     -0.82201480      0.35175760      0.15792029     -0.18906296      0.33840235     -0.01691947      0.04315543     -0.06421390      0.00482324      0.01024410      0.00723541      0.04537690      0.06188570      0.04694997     -0.01019054      0.02315850     -0.01673982      0.00206813     -0.00573205      0.00139527      0.01357654      0.01848018      0.00787185
      1.30383209      0.85188424     -1.50255838      0.52735601      0.35817449     -0.18523689      0.04941846      0.01218300      0.04019236     -0.00854011     -0.00139584     -0.00082314      0.73699721      0.55616221     -0.31003438     -4.92136614     -3.64129265      5.65772613     -2.09633680     -1.34635538      0.55658111     -0.12378947      0.31240440     -0.28872791     -0.03010487     -0.06293117      0.08899594      0.00453045     -0.00596623     -0.00536276     -0.07701544     -0.04230190     -0.01563037      0.00232133     -0.01751348      0.01356492     -0.00404051      0.00757834      0.00236060     -0.01083282     -0.00977300     -0.00658436
     -1.84988927     -1.06149727     -1.88410616     -0.09901074     -0.09527573     -0.12915104      0.00127937      0.04482357     -0.02017007      0.01052246     -0.01315957     -0.01395646      0.66990115      1.02491794      1.88346465     -0.74022811     -1.10542401     -2.09633680      6.75616769      3.95351585      7.26444444      0.04038433      0.01468763      0.02850458     -0.01656958     -0.01969737      0.00374789      0.01084081     -0.02260080     -0.04064537      0.03120761      0.02268115      0.03547990      0.00016598      0.00098969     -0.01486351      0.00059571     -0.00568893      0.00224826     -0.00616800      0.00602616     -0.01714136
     -1.06913840     -2.77415948     -2.91554574      0.20647461      0.29464847      0.55384343      0.01354992     -0.09069746      0.05603140      0.01052169      0.02167654      0.03179484     -0.67770975     -0.89363012     -1.43782191     -0.33362918     -0.82201480     -1.34635538      3.95351585     10.37427824     10.67350505     -0.01756764      0.08667497     -0.06943523     -0.02408020      0.09998884     -0.06551263     -0.01975777     -0.00077117      0.01731606      0.02230176     -0.00732774      0.00090587      0.00304282      0.01586744     -0.00844652     -0.00363383      0.01124352     -0.00949256      0.00634856     -0.02610614      0.03497338
     -1.88173056     -2.87921944     -6.28314086     -0.16612267     -0.33327921     -0.49053673     -0.01549532      0.14360644     -0.05657496     -0.01673759     -0.03472599     -0.02406591     -0.33836475     -0.34379583     -0.78941688      0.28369491      0.35175760      0.55658111      7.26444444     10.67350505     23.70529218      0.07474489     -0.03190113      0.04092998     -0.03907745      0.00747319      0.09481164      0.00878328      0.01875585      0.03907632     -0.01580397     -0.00405626      0.02468608      0.00800837     -0.00351778     -0.00587200     -0.00674864      0.00969359     -0.00936993     -0.02287912      0.03932722     -0.04352857
      0.16823615      0.13981618     -0.05996454     -5.89079185     -3.11662815      1.15976339     -0.26680566     -0.16121762      0.03746357      0.00535233     -0.00098286      0.02377908      0.09416138     -0.04342661      0.02393905      0.09965575      0.15792029     -0.12378947      0.04038433     -0.01756764      0.07474489     22.05053252     11.97604427     -4.07565838     -1.78393805     -1.20493929      0.41610023      0.09315200      0.01336704     -0.02947203      0.08979232     -0.07104847     -0.20286162      0.00669907      0.04221159     -0.07410641     -0.01297552      0.00510684     -0.00035201      0.03036127      0.01776873     -0.00942409
     -0.46984680     -0.37170796      0.16461125     -3.09765454     -3.30295073      0.73611837     -0.37061406     -0.26976267      0.03591329      0.02006101      0.01396002      0.01734425     -0.02595946      0.05082910     -0.07472790      0.12283330     -0.18906296      0.31240440      0.01468763      0.08667497     -0.03190113     11.97604427     12.67074929     -2.91239108      1.50465259      0.98312302     -0.34694578      0.01227483      0.01341614      0.05004663     -0.07673488     -0.06455725     -0.24252144     -0.00648970      0.07085139     -0.04033585     -0.00348927      0.02483232     -0.00377081      0.01971942      0.00697165      0.00086846
      0.52763819      0.38707651     -0.18697997      1.15874634      0.73535532     -1.40784469     -0.66269375     -0.43312951      0.06402712     -0.01094208     -0.02579283      0.05444068     -0.04235329     -0.05417637      0.10373948     -0.14885823      0.33840235     -0.28872791      0.02850458     -0.06943523      0.04092998     -4.07565838     -2.91239108      5.82202590      0.79027173      0.55861586     -0.25323357      0.04126582      0.04723206      0.11297592     -0.20238810     -0.24658237     -0.43105819      0.05632384      0.04630825     -0.01516254      0.00676062     -0.00018540     -0.00893289      0.04189442     -0.00282044      0.02936423
     -0.14317937      0.10604999      0.05109536     -4.83087331      3.09686340      1.68842014      0.17502608     -0.18101787     -0.12343677      0.02319910     -0.01550801      0.00755498      0.10213568      0.05475727     -0.14247214      0.10228406     -0.01691947     -0.03010487     -0.01656958     -0.02408020     -0.03907745     -1.78393805      1.50465259      0.79027173     17.93927621    -11.83335704     -6.13229588      0.08770891     -0.11550965     -0.22503025      0.10602305      0.01693382      0.03697231     -0.00819155     -0.00311510      0.00491810      0.00995889     -0.00446449      0.05250390      0.02051210     -0.02553393      0.02379147
      0.43591605     -0.39586412     -0.15768196      3.07343548     -3.85355029     -1.42500711      0.29971794     -0.29193226     -0.17389485     -0.01021685      0.01998508      0.02667097      0.08697371     -0.21668202      0.31706708     -0.04903245      0.04315543     -0.06293117     -0.01969737      0.09998884      0.00747319     -1.20493929      0.98312302      0.55861586    -11.83335704     14.79388859      5.39619150     -0.10138094     -0.07600165     -0.23047366     -0.00353398      0.00099062      0.05792468      0.00122016      0.02241440     -0.00720373     -0.02555464      0.06785716     -0.04119683     -0.03076007     -0.00205504      0.00334613
     -0.50083285      0.45006013      0.16726988      1.68848965     -1.44077470     -1.89913565      0.54159343     -0.48906629     -0.34193226      0.03447566     -0.02089955      0.04193223     -0.11793762      0.37201993     -0.28835171      0.03745685     -0.06421390      0.08899594      0.00374789     -0.06551263      0.09481164      0.41610023     -0.34694578     -0.25323357     -6.13229588      5.39619150      7.72017804     -0.22329880     -0.23132532     -0.41951263     -0.02291789      0.05189726      0.11376506      0.00027368      0.00111100     -0.01025982     -0.06531327      0.07109054     -0.01877145     -0.02821389      0.01900266      0.04061197
      0.02031656     -0.01501645      0.00406687      0.17441072     -0.17635405     -0.11919445     -4.82583297      3.10259079      1.65234242     -0.14461630      0.11077050      0.04480359     -0.00559127      0.00795124      0.04723657     -0.01060312      0.00482324      0.00453045      0.01084081     -0.01975777      0.00878328      0.09315200      0.01227483      0.04126582      0.08770891     -0.10138094     -0.22329880     17.97511745    -11.95410493     -5.96380004     -1.80280078      1.53225354      0.78550352      0.09216980     -0.01821937     -0.03142485      0.11677615      0.05929408     -0.14406150     -0.01752208     -0.02094366     -0.02778509
     -0.00495267      0.01524007      0.03094544      0.29760589     -0.30293814     -0.19083949      3.10468661     -3.88725619     -1.40664567      0.43626517     -0.40424641     -0.14390517     -0.00775831      0.05126599     -0.04303394     -0.00661726      0.01024410     -0.00596623     -0.02260080     -0.00077117      0.01875585      0.01336704      0.01341614      0.04723206     -0.11550965     -0.07600165     -0.23132532    -11.95410493     14.99441058      5.36387630     -1.18042337      0.99269761      0.54203041     -0.03783434      0.04396225     -0.06520248      0.06593918     -0.21024994      0.32770278     -0.01875227      0.09497232     -0.00321768
      0.03678007     -0.02527419      0.04239220      0.53337866     -0.49189058     -0.35366593      1.66580185     -1.41465023     -1.87786937     -0.50344651      0.44360291      0.17452871     -0.07230191      0.07606977     -0.00673497      0.00520557      0.00723541     -0.00536276     -0.04064537      0.01731606      0.03907632     -0.02947203      0.05004663      0.11297592     -0.22503025     -0.23047366     -0.41951263     -5.96380004      5.36387630      7.60574288      0.42496967     -0.34982499     -0.26092411      0.02735126     -0.06615754      0.09880599     -0.12061034      0.36105572     -0.29365982      0.00537288     -0.06572861      0.10157039
      0.00962722     -0.00151910      0.02271420     -0.26726739     -0.16014679      0.03777013     -5.91054170     -3.11339500      1.17868588      0.16409722      0.13971837     -0.06102025     -0.00858221      0.00037286      0.00305939      0.01262113      0.04537690     -0.07701544      0.03120761      0.02230176     -0.01580397      0.08979232     -0.07673488     -0.20238810      0.10602305     -0.00353398     -0.02291789     -1.80280078     -1.18042337      0.42496967     22.18210003     11.96542154     -4.13033286      0.09836142      0.15767330     -0.13064727      0.08914193     -0.05333573      0.02362086      0.04681112     -0.02252733      0.07267779
      0.02385855      0.01457382      0.01904851     -0.37299533     -0.26878601      0.04382986     -3.09660612     -3.26087870      0.74238198     -0.47210916     -0.36079281      0.16002664      0.00892288      0.00448184     -0.00597510     -0.00361081      0.06188570     -0.04230190      0.02268115     -0.00732774     -0.00405626     -0.07104847     -0.06455725     -0.24658237      0.01693382      0.00099062      0.05189726      1.53225354      0.99269761     -0.34982499     11.96542154     12.56666750     -2.94925461      0.10434523     -0.19948214      0.31573441     -0.01596201      0.02532309     -0.08009321      0.02816726      0.09103111     -0.01965669
     -0.01358056     -0.02600657      0.05226344     -0.66325397     -0.43085959      0.06084389      1.17459179      0.74257411     -1.41227784      0.53285981      0.38881513     -0.19121703      0.00677448      0.00234305     -0.00805658      0.05327797      0.04694997     -0.01563037      0.03547990      0.00090587      0.02468608     -0.20286162     -0.24252144     -0.43105819      0.03697231      0.05792468      0.11376506      0.78550352      0.54203041     -0.26092411     -4.13033286     -2.94925461      5.90050412     -0.15593949      0.33562093     -0.29836954     -0.03974909     -0.05270459      0.09846241      0.03153716     -0.06633966      0.03892602
      0.00879396      0.00840907      0.00045508      0.02374837      0.01891309      0.00313358      0.16113356      0.11941463     -0.05926609     -5.97607307     -3.23750790      1.32201512      0.01353070     -0.00175158     -0.01109978     -0.02203721     -0.01019054      0.00232133      0.00016598      0.00304282      0.00800837      0.00669907     -0.00648970      0.05632384     -0.00819155      0.00122016      0.00027368      0.09216980     -0.03783434      0.02735126      0.09836142      0.10434523     -0.15593949     22.23074459     12.27771897     -4.94834714     -1.70406941     -1.29839312      0.37677717     -0.70356513     -0.32233116      0.26226848
      0.00515877      0.00557991     -0.00346450     -0.00556227      0.01499485     -0.03883425     -0.49198353     -0.37771415      0.15545048     -3.22779946     -3.35712830      0.87173470     -0.00066682      0.00512472     -0.00324640     -0.00721634      0.02315850     -0.01751348      0.00098969      0.01586744     -0.00351778      0.04221159      0.07085139      0.04630825     -0.00311510      0.02241440      0.00111100     -0.01821937      0.04396225     -0.06615754      0.15767330     -0.19948214      0.33562093     12.27771897     12.70743050     -3.69117562      1.53982461      1.03613529     -0.38748012     -1.12976746     -0.84212826      0.35459247
     -0.00825919      0.00059143     -0.00138125      0.04832018      0.01146818      0.04097716      0.53684938      0.36408650     -0.18819396      1.32495422      0.86716173     -1.51063634     -0.01062839      0.00430179      0.00431208     -0.00028788     -0.01673982      0.01356492     -0.01486351     -0.00844652     -0.00587200     -0.07410641     -0.04033585     -0.01516254      0.00491810     -0.00720373     -0.01025982     -0.03142485     -0.06520248      0.09880599     -0.13064727      0.31573441     -0.29836954     -4.94834714     -3.69117562      5.70752583      0.68750474      0.53931324     -0.29503322     -2.08357015     -1.33709683      0.56975310
      0.00798673     -0.00832322     -0.00693685      0.00200737     -0.00193584      0.02237280     -0.14418995      0.10427894      0.04749617     -5.12374616      3.29978011      1.58841367     -0.01408437     -0.01362056      0.02052056      0.01383587      0.00206813     -0.00404051      0.00059571     -0.00363383     -0.00674864     -0.01297552     -0.00348927      0.00676062      0.00995889     -0.02555464     -0.06531327      0.11677615      0.06593918     -0.12061034      0.08914193     -0.01596201     -0.03974909     -1.70406941      1.53982461      0.68750474     19.06029216    -12.64570865     -5.90137626      0.64519946     -0.67751052     -0.30447207
     -0.00679154      0.00356891      0.00402761     -0.01926128      0.02065152     -0.02973560      0.44814016     -0.40844775     -0.17233805      3.28959052     -3.91028795     -1.34039673      0.00814738      0.00351417     -0.02462559     -0.01474421     -0.00573205      0.00757834     -0.00568893      0.01124352      0.00969359      0.00510684      0.02483232     -0.00018540     -0.00446449      0.06785716      0.07109054      0.05929408     -0.21024994      0.36105572     -0.05333573      0.02532309     -0.05270459     -1.29839312      1.03613529      0.53931324    -12.64570865     14.85969252      4.73114886      1.10121329     -0.88876415     -0.31439808
      0.00164487      0.00467340     -0.00220988     -0.01886684      0.01995432      0.05884392     -0.51363643      0.42076289      0.16395961      1.58906072     -1.34224011     -1.78493153      0.01080241     -0.01345640      0.00151471      0.00059682      0.00139527      0.00236060      0.00224826     -0.00949256     -0.00936993     -0.00035201     -0.00377081     -0.00893289      0.05250390     -0.04119683     -0.01877145     -0.14406150      0.32770278     -0.29365982      0.02362086     -0.08009321      0.09846241      0.37677717     -0.38748012     -0.29503322     -5.90137626      4.73114886      6.69133917      1.90172261     -1.41096031     -0.72122086
      0.01213255     -0.01253069     -0.01163618      0.00192068      0.04343960     -0.01933197     -0.09445159     -0.10079935     -0.12630710     -1.80839238     -1.06593257     -1.81500710     -0.00599990      0.00252803      0.01263486      0.01235570      0.01357654     -0.01083282     -0.00616800      0.00634856     -0.02287912      0.03036127      0.01971942      0.04189442      0.02051210     -0.03076007     -0.02821389     -0.01752208     -0.01875227      0.00537288      0.04681112      0.02816726      0.03153716     -0.70356513     -1.12976746     -2.08357015      0.64519946      1.10121329      1.90172261      6.53404504      3.93744556      7.00314008
      0.00904830      0.02376915      0.02964082      0.01272869     -0.08964441      0.05291202      0.20328832      0.29714842      0.54832632     -1.06003379     -2.88308734     -2.97394267      0.00112993      0.00621026     -0.00776920     -0.00900128      0.01848018     -0.00977300      0.00602616     -0.02610614      0.03932722      0.01776873      0.00697165     -0.00282044     -0.02553393     -0.00205504      0.01900266     -0.02094366      0.09497232     -0.06572861     -0.02252733      0.09103111     -0.06633966     -0.32233116     -0.84212826     -1.33709683     -0.67751052     -0.88876415     -1.41096031      3.93744556     10.74699912     10.98515064
     -0.01500688     -0.03377158     -0.02480584     -0.01407120      0.14735283     -0.05641394     -0.16978689     -0.33531711     -0.51365443     -1.82489056     -2.96564200     -6.20327762      0.00006397      0.00832107      0.00593822      0.01965810      0.00787185     -0.00658436     -0.01714136      0.03497338     -0.04352857     -0.00942409      0.00086846      0.02936423      0.02379147      0.00334613      0.04061197     -0.02778509     -0.00321768      0.10157039      0.07267779     -0.01965669      0.03892602      0.26226848      0.35459247      0.56975310     -0.30447207     -0.31439808     -0.72122086      7.00314008     10.98515064     23.60024611
