      4.35640108      0.12899104     -0.12610737     -0.62994629      0.12720930     -0.14475098     -0.03146934      0.05223163     -0.07348639     -0.00010806     -0.00026057     -0.00020270     -0.00733415     -0.01024094     -0.00821284      0.00002562      0.00040015     -0.00057408      0.00438159      0.00405766     -0.00317088     -0.00054902     -0.00130083     -0.00123067     -5.16678041      3.32660259      1.53195678     -5.87643249     -3.19723355      1.47145383     -1.82404022     -1.14057291     -1.78301738      0.17387896     -0.43910588      0.54026924     -0.15547630      0.41967124     -0.52215449      0.01984370     -0.00502537      0.03759668     -0.00004563     -0.00009707     -0.00106706      0.00865280      0.02231517     -0.01260287      0.00028674     -0.00017643     -0.00032297      0.00899016      0.00712062     -0.00849161     -0.00032404     -0.00053477     -0.00022707      0.00675571     -0.00819922     -0.00014858      0.00044210     -0.00025914     -0.00027378     -0.00028371     -0.00187567     -0.00245913      0.00040599     -0.00029942     -0.00036583      0.00039691      0.00121776      0.00304320      0.00065320     -0.00055243     -0.00051662
      0.12899104      4.09046880      0.42357160      0.12958230     -0.96925220      0.43250655     -0.02174271      0.08910023     -0.07605601     -0.00042104     -0.00058518     -0.00038245     -0.00897761     -0.02145140     -0.02334773     -0.00053457      0.00105761     -0.00168512     -0.00232191      0.00970845     -0.00802387     -0.00110117     -0.00314159     -0.00266275      3.31493895     -3.92699715     -1.27719329     -3.21280835     -3.36129426      0.98265875     -1.15587877     -3.13015251     -3.06604523      0.15529109     -0.35043919      0.40344034      0.11423404     -0.38098971      0.45603011     -0.01900982      0.02001914     -0.02287917      0.00001631     -0.00008931     -0.00055750      0.00021381      0.01395318     -0.02380199      0.00120744      0.00115078     -0.00079740      0.00742966      0.00196013     -0.00123348     -0.00022356      0.00046887     -0.00051011     -0.00750791      0.00312172      0.00539545     -0.00034447     -0.00039237      0.00013402      0.00113195      0.00114135      0.00114956     -0.00114337     -0.00041212     -0.00041699     -0.00029548      0.00122205      0.00136058      0.00055106      0.00077464     -0.00109731
     -0.12610737      0.42357160      3.97506726     -0.14602906      0.41685470     -1.06097055     -0.06254203      0.13797582     -0.21151343      0.00013229     -0.00048951     -0.00017673     -0.00872601     -0.02776822     -0.02496512     -0.00043216      0.00135505     -0.00127716     -0.00199239      0.01197271     -0.00283467     -0.00133936     -0.00326937     -0.00320676      1.51683426     -1.27609837     -1.73456776      1.48048301      0.99364058     -1.61336094     -1.79682322     -3.09841180     -5.95400672     -0.07216835      0.17320365     -0.21739350      0.04892294     -0.12737899      0.16593245      0.00756368      0.02827399      0.04295278     -0.00041510      0.00025570     -0.00071677      0.02154506      0.01850081      0.05363037     -0.00032328     -0.00037819      0.00006513      0.00228388     -0.00280319     -0.00185676     -0.00035972     -0.00032779      0.00045750     -0.00894093      0.00459731     -0.00105450      0.00016991     -0.00066059      0.00137937      0.00273762     -0.00119677      0.00193642     -0.00110587     -0.00024312      0.00022405     -0.00272656     -0.00085520      0.00081390      0.00109380      0.00003798      0.00045189
     -0.62994629      0.12958230     -0.14602906      4.45830734     -0.01742976     -0.35749111     -0.65821329     -0.13459019     -0.19421363     -0.00035696     -0.00005431     -0.00016185     -0.03572062     -0.01916454     -0.06062661     -0.00024888      0.00062751     -0.00038548     -0.00547080      0.00615576     -0.00142066      0.00403811     -0.00236103     -0.00177125     -0.15967892      0.43467729     -0.52829428      0.17249955     -0.46423131      0.54380503     -0.09872417      0.19854882     -0.16833635     -5.79213989     -3.08419393      1.30633024     -4.91706616      3.13406531      1.59448508      0.17054446      0.31931076      0.52695835     -0.00005553     -0.00011244     -0.00083810     -0.25694998     -0.38710554     -0.63945973      0.00049868     -0.00003691      0.00000034      0.01709988     -0.00959186      0.04583029     -0.00029805     -0.00005637     -0.00014022      0.00367761     -0.01494592     -0.01649601     -0.00057960      0.00065335     -0.00027575      0.00521835     -0.00610437     -0.00841194     -0.00028000     -0.00213574      0.00143512      0.00844731      0.00611804      0.00025761     -0.00113983      0.00164110     -0.00202069
      0.12720930     -0.96925220      0.41685470     -0.01742976      4.09266784      0.02101625     -0.13111314     -0.81836538     -0.34861457      0.00028541      0.00134174      0.00051183      0.05109405      0.09407596      0.13319016      0.00159620     -0.00403056      0.00547085      0.00614754     -0.03492629      0.02362675      0.00373160      0.00969672      0.01032247      0.11501072     -0.39353606      0.42712154      0.13176744     -0.36090356      0.37590720     -0.11057718      0.29885331     -0.37597550     -3.09569094     -3.32297062      0.84619983      3.15733742     -3.89829627     -1.34321221     -0.17909510     -0.31585716     -0.48190904     -0.00006109     -0.00141041      0.00056987     -0.15883393     -0.28481868     -0.41949714      0.00268022     -0.00052878     -0.00068826      0.01374035      0.00912418      0.01934575     -0.00020859      0.00022366     -0.00198344      0.00158817      0.01486203      0.02545000     -0.00125777     -0.00047941     -0.00181652     -0.00799968      0.00252762      0.00074965      0.00072920      0.00077960     -0.00303622      0.00632741      0.00284326     -0.00513728     -0.00063676      0.00245401     -0.00187915
     -0.14475098      0.43250655     -1.06097055     -0.35749111      0.02101625      3.53758372     -0.19260893     -0.35555380     -1.09671076     -0.00017285     -0.00042687     -0.00074597     -0.07139806     -0.07184914     -0.21067606     -0.00090916      0.00230926     -0.00230422     -0.00145343      0.02207929     -0.01299215     -0.00283137     -0.00773277     -0.00188575      0.04760916     -0.15215968      0.16767410     -0.07339801      0.16166113     -0.21310878     -0.13596924      0.51680643     -0.49721006      1.30161957      0.84521564     -1.48571707      1.59007852     -1.33256005     -1.80551750     -0.11801632     -0.17405528     -0.31948047      0.00069617     -0.00001879     -0.00048878      0.04618991      0.05552923      0.08335694      0.00150285     -0.00076478      0.00003288     -0.00312486     -0.03675578      0.03640106      0.00031898      0.00041004      0.00064099      0.02474598     -0.03233346      0.05502803     -0.00088028      0.00028153      0.00128143     -0.00059256      0.00160423     -0.00296755     -0.00121467      0.00033659     -0.00077062     -0.00771796     -0.00108178     -0.00340342      0.00132060     -0.00061265      0.00013252
     -0.03146934     -0.02174271     -0.06254203     -0.65821329     -0.13111314     -0.19260893      4.43521505     -0.01368753     -0.35099739     -0.00048036     -0.00060483     -0.00111062     -0.61622543      0.11711230     -0.11882835      0.00406683      0.00341261     -0.00338506     -0.03564604      0.05178466     -0.06814208     -0.00837621     -0.00910890     -0.00716461      0.00051609     -0.01825903     -0.01721574      0.02644616     -0.00183306      0.04847436      0.00126872      0.01386779     -0.01926479     -0.25947307     -0.39559443     -0.63676764      0.17573765      0.32356743      0.52492020     -4.85204440      3.12549342      1.56199917     -0.00042395      0.00079479     -0.00091830     -5.81076041     -3.03640634      1.28825416     -0.00070712      0.00104100     -0.00057428      0.13658963     -0.47638038      0.53324958      0.00022444      0.00152467      0.00287228     -0.16416896      0.45212957     -0.49946271      0.00005930     -0.00126695     -0.00239943      0.01686860     -0.00124900      0.04160672      0.00643011     -0.00772227     -0.00160132      0.00595485      0.01819994     -0.01493213      0.00901869      0.00738950     -0.00769604
      0.05223163      0.08910023      0.13797582     -0.13459019     -0.81836538     -0.35555380     -0.01368753      4.07624153      0.05627322     -0.00061218     -0.00348949     -0.00128284      0.11479277     -0.97604335      0.39736617     -0.00446132      0.00912419     -0.01423217     -0.01876230      0.09673420     -0.07421090     -0.00837154     -0.02213825     -0.02238258     -0.00128305      0.01902837      0.02321804      0.01619732      0.01539668      0.01305692      0.04717887     -0.08166042      0.14376669     -0.15756767     -0.28899972     -0.42075874     -0.17822850     -0.31965037     -0.47920866      3.11220170     -3.88034139     -1.30868171      0.00053989      0.00237593     -0.00065663     -3.04702710     -3.24168735      0.83018419      0.00119389      0.00355991     -0.00021480      0.11321558     -0.37558833      0.38286513      0.00156275      0.00173122      0.00382460      0.12616772     -0.41788461      0.43147776     -0.00072373      0.00138329      0.00531947     -0.01423896      0.01538853     -0.02914726     -0.00670139      0.00340360      0.00588236     -0.00439764      0.00998656     -0.02654235      0.00917665      0.00108295      0.00026074
     -0.07348639     -0.07605601     -0.21151343     -0.19421363     -0.34861457     -1.09671076     -0.35099739      0.05627322      3.51363068     -0.00127940     -0.00120008     -0.00250508     -0.11703238      0.39959446     -0.98820881     -0.00181428      0.00968476     -0.00261619     -0.05645989      0.13376183     -0.20206273     -0.00771260     -0.02475790     -0.02283826      0.02595069     -0.02974254      0.06266474      0.00218029     -0.03732493      0.04308829     -0.02345130      0.05706154     -0.06474934      0.04136229      0.05304044      0.08493040     -0.11406623     -0.18579360     -0.32453483      1.55668745     -1.31517821     -1.78636775     -0.00053200      0.00179833      0.00079377      1.28577085      0.82793867     -1.47706800     -0.00002491      0.00121853      0.00019816     -0.06206796      0.18772064     -0.21864050     -0.00153351     -0.00120367      0.00143789      0.05214816     -0.13890574      0.14859137      0.00449238     -0.00034456      0.00240807      0.00565875      0.02531961      0.04379970     -0.00910755      0.00504511     -0.00129809      0.02560787      0.01793188      0.05591522      0.00135538     -0.00116597     -0.00238326
     -0.00010806     -0.00042104      0.00013229     -0.00035696      0.00028541     -0.00017285     -0.00048036     -0.00061218     -0.00127940      4.64102758     -0.71858464     -0.85844537      0.00466012      0.00209286     -0.00196091     -0.68419082      0.22780485     -0.10404510     -0.00113214     -0.00385040     -0.01152437     -0.03615530      0.04400514     -0.07668236     -0.00100359      0.00004840      0.00009597      0.00035900     -0.00000217      0.00009821     -0.00071421     -0.00134255     -0.00096079     -0.00021971      0.00003321     -0.00036847     -0.00110765      0.00010557     -0.00019230     -0.00062631     -0.00008584     -0.00006352     -7.93103572      3.47548345      0.03823944     -0.00033704     -0.00028633     -0.00013349     -5.70588923     -1.93454621      3.63988473     -0.00303840      0.00089947      0.00297726      0.17049149     -0.46277447      0.52359753     -0.00088457     -0.00195752     -0.00328143     -0.17825704      0.47246357     -0.54294435      0.00797156     -0.01076935      0.00384283      0.02064746     -0.01143276      0.03577301      0.00544381      0.00923873     -0.01035070      0.01762781      0.03010395     -0.00685222
     -0.00026057     -0.00058518     -0.00048951     -0.00005431      0.00134174     -0.00042687     -0.00060483     -0.00348949     -0.00120008     -0.71858464      2.35233628     -1.72741770     -0.00144019      0.00838118     -0.00479695      0.21242484     -1.03816290      0.68510609     -0.00601855     -0.00962056     -0.01547174      0.01977091      0.07646203      0.04160873     -0.00043732      0.00069913      0.00003211      0.00115811      0.00257513     -0.00017860     -0.00089472      0.00021748     -0.00394750      0.00028729      0.00086823     -0.00069011      0.00007285      0.00018228      0.00000572     -0.00099905      0.00061640     -0.00027332      3.39063913     -2.36886157      0.62405956     -0.00069016      0.00195705     -0.00042780     -1.87358928     -1.82206335      2.17473765     -0.00162992      0.00134324      0.00194789      0.09073321     -0.29642815      0.38330480      0.00193566      0.00089971      0.00156140      0.15008101     -0.34582713      0.41733327     -0.00907246      0.00425625      0.00066234     -0.02153797      0.00331571     -0.02611915      0.00393357      0.00420947     -0.00326632      0.00081502     -0.00212715     -0.02972051
     -0.00020270     -0.00038245     -0.00017673     -0.00016185      0.00051183     -0.00074597     -0.00111062     -0.00128284     -0.00250508     -0.85844537     -1.72741770      2.70008183     -0.00139453      0.00580552     -0.00004252     -0.10124424      0.73156686     -1.07401223     -0.01158023     -0.00919539     -0.02860794     -0.07259050      0.11377534     -0.24241137     -0.00045797     -0.00024357     -0.00008811     -0.00014979     -0.00018333     -0.00042395     -0.00029936     -0.00083318     -0.00093081     -0.00028358      0.00021842     -0.00021614      0.00012676     -0.00041999     -0.00019303     -0.00022873     -0.00061623      0.00003742     -0.08779753      0.65390483     -0.91141761     -0.00175530     -0.00030780     -0.00006358      3.74409425      2.25356625     -3.67669964     -0.00245128      0.00063088     -0.00163248     -0.03659449      0.22710507     -0.30278216      0.00096939     -0.00046765     -0.00014461     -0.02502416     -0.08826894      0.11085415     -0.00313577      0.00362501     -0.00283630      0.00468286      0.03562691      0.05916354      0.00028813     -0.00558259      0.00112811      0.02926497      0.02028289      0.06162137
     -0.00733415     -0.00897761     -0.00872601     -0.03572062      0.05109405     -0.07139806     -0.61622543      0.11479277     -0.11703238      0.00466012     -0.00144019     -0.00139453      4.42972093     -0.00030502     -0.33911172     -0.00529029      0.00537954     -0.00108629     -0.65726966     -0.13024465     -0.20046207     -0.03494866     -0.01464386     -0.06244216      0.00636222     -0.00635745     -0.00059348      0.00784692      0.00475598     -0.00705575      0.01153472      0.00865559     -0.01507423      0.00492430      0.01750308     -0.01865915      0.01647222      0.00029673      0.04284382     -0.16555881      0.44038809     -0.50537248     -0.00067730     -0.00250886      0.00151856      0.14381663     -0.46497809      0.53880749     -0.00098581      0.00235345     -0.00204255     -5.84105545     -3.04325849      1.26212130      0.00864253      0.00605518      0.00015501     -4.80661177      3.09663620      1.58780898      0.00498548     -0.00640755     -0.00751016      0.18020045      0.29317942      0.52671424      0.00254608     -0.01314254     -0.01568148     -0.25810305     -0.36554926     -0.65159747      0.01859194     -0.01213893      0.04509618
     -0.01024094     -0.02145140     -0.02776822     -0.01916454      0.09407596     -0.07184914      0.11711230     -0.97604335      0.39959446      0.00209286      0.00838118      0.00580552     -0.00030502      4.03825759      0.07022974      0.01121164     -0.02916408      0.03801975     -0.13001728     -0.79740617     -0.34464208      0.05092385      0.08652659      0.13256829     -0.00576555      0.00271562      0.00692858      0.00722473      0.00267574      0.00154094     -0.01414352      0.02614694     -0.04124791     -0.00570248      0.00935603     -0.03181396     -0.01616208      0.01358340     -0.03410840      0.12235414     -0.40653317      0.43297260     -0.00061015     -0.00490096     -0.00014119      0.11738914     -0.36585553      0.38202560      0.00009402     -0.00406258     -0.00136926     -3.04469240     -3.22736434      0.79509249      0.00316197      0.00296369     -0.01033351      3.11633703     -3.89809420     -1.35610795     -0.00860730      0.00292198     -0.00524681     -0.18594661     -0.29235268     -0.48683286      0.00035515      0.01224226      0.02732176     -0.15360773     -0.26002279     -0.41612926      0.01716671      0.01015205      0.01886105
     -0.00821284     -0.02334773     -0.02496512     -0.06062661      0.13319016     -0.21067606     -0.11882835      0.39736617     -0.98820881     -0.00196091     -0.00479695     -0.00004252     -0.33911172      0.07022974      3.55008470     -0.00188607      0.02039374     -0.01573258     -0.19943124     -0.34450932     -1.10846426     -0.07358170     -0.06040558     -0.21768441     -0.00836208      0.00235031     -0.00253403      0.00083714     -0.00311535     -0.00276846     -0.01153956      0.02552724     -0.02193921      0.02746848      0.02406978      0.05334752      0.00385743      0.02867727      0.03978343      0.05280648     -0.14006546      0.14867076     -0.00037120      0.00218452     -0.00165538     -0.06462669      0.17671863     -0.21784160     -0.00119770      0.00008609     -0.00024239      1.25279324      0.79316473     -1.45172592     -0.00685451     -0.00199350     -0.00045123      1.59593512     -1.35676222     -1.81796290      0.00055770      0.00172849      0.00051937     -0.12001826     -0.16551360     -0.32810672      0.02337271     -0.03543301      0.05433371      0.04436003      0.04650290      0.08189894     -0.00072352     -0.03765406      0.03775715
      0.00002562     -0.00053457     -0.00043216     -0.00024888      0.00159620     -0.00090916      0.00406683     -0.00446132     -0.00181428     -0.68419082      0.21242484     -0.10124424     -0.00529029      0.01121164     -0.00188607      4.37142315     -0.13041815     -0.50485536     -0.03045787     -0.02554300     -0.05907618     -0.58888904     -0.07818463     -0.13616621     -0.00021734      0.00023294     -0.00005609      0.00082824      0.00015958      0.00022170     -0.00005635     -0.00033143     -0.00127249     -0.00031740     -0.00047124      0.00013169      0.00098035     -0.00057626     -0.00076833     -0.00207932      0.00018104      0.00264673     -0.04022605      0.38702204     -0.54365364      0.00203687      0.00315167     -0.00255892      0.20389355     -0.34031726      0.48681555      0.00845655      0.00629534      0.00046097     -5.94180212     -3.01567152      1.31800409      0.00548585     -0.00567387     -0.00663907     -4.84450361      3.12478643      1.68798811      0.00280062     -0.01506530     -0.01223730      0.17893363      0.24821028      0.47901547      0.01721026     -0.00874530      0.04258392     -0.24059349     -0.33749703     -0.64617194
      0.00040015      0.00105761      0.00135505      0.00062751     -0.00403056      0.00230926      0.00341261      0.00912419      0.00968476      0.22780485     -1.03816290      0.73156686      0.00537954     -0.02916408      0.02039374     -0.13041815      3.94773797     -0.27563973      0.04992567      0.07285685      0.13373132     -0.13351535     -0.68920701     -0.36295831     -0.00042055      0.00013645      0.00022191      0.00005326      0.00179438      0.00006458      0.00093790     -0.00087457      0.00260038      0.00105111      0.00134926     -0.00052997     -0.00082560      0.00061877     -0.00015080      0.00048937      0.00107185     -0.00255680      0.02721051     -0.13205409      0.25168436     -0.00166894      0.00258125     -0.00123787      0.10129211     -0.09978577      0.17702736      0.00665454      0.00341744     -0.00378955     -2.98281152     -3.26103210      0.81105383     -0.00767237      0.00301741      0.00141912      3.06499178     -3.94201962     -1.30112233     -0.00211798      0.01751968      0.01952159     -0.18928901     -0.26308988     -0.46393452      0.01625890      0.01351631      0.01222221     -0.13956756     -0.23608668     -0.40537672
     -0.00057408     -0.00168512     -0.00127716     -0.00038548      0.00547085     -0.00230422     -0.00338506     -0.01423217     -0.00261619     -0.10404510      0.68510609     -1.07401223     -0.00108629      0.03801975     -0.01573258     -0.50485536     -0.27563973      3.13126890     -0.07270004     -0.08947920     -0.20565216     -0.12761419     -0.20491963     -0.87555146      0.00019383      0.00056247      0.00073816      0.00043226      0.00054243      0.00070823     -0.00060889      0.00171945     -0.00283568     -0.00031887      0.00076503      0.00123862      0.00095564      0.00028366      0.00136878     -0.00186843      0.00275626     -0.00046320      0.10773685     -0.02072886      0.12042024      0.00315142      0.00098587     -0.00001005     -0.18505581      0.23075250     -0.17739241     -0.00612241     -0.00045465      0.00102352      1.28073811      0.82576666     -1.29880060      0.00167094      0.00243178      0.00054269      1.71969373     -1.32608268     -1.71471833      0.01781732     -0.02745210      0.05856439     -0.13100882     -0.18563788     -0.36867612      0.00389737     -0.03166407      0.03814044      0.00843323      0.00835465      0.02862942
      0.00438159     -0.00232191     -0.00199239     -0.00547080      0.00614754     -0.00145343     -0.03564604     -0.01876230     -0.05645989     -0.00113214     -0.00601855     -0.01158023     -0.65726966     -0.13001728     -0.19943124     -0.03045787      0.04992567     -0.07270004      4.43724367      0.00333447     -0.35984060     -0.61360348      0.11284573     -0.09613381     -0.00063803     -0.00211657      0.00209730     -0.00042374      0.00171385     -0.00248117     -0.00047068      0.00029975     -0.00282722      0.00850750      0.00708266      0.00025168      0.00637534     -0.00779471     -0.00878064      0.00193312     -0.01515523     -0.01371713      0.00336290      0.00393313     -0.00007734      0.01791338     -0.00909478      0.04323786     -0.00067474      0.00272096     -0.00987803     -0.26418673     -0.38041886     -0.64769161      0.00519444      0.01892036     -0.01569590      0.17753551      0.30303052      0.52121575      0.01431215     -0.00129850      0.04346907     -4.77261922      3.10045607      1.62481935     -0.14831564      0.45655256     -0.47817837     -5.92682937     -3.02807505      1.20723636      0.13003465     -0.49557772      0.51703224
      0.00405766      0.00970845      0.01197271      0.00615576     -0.03492629      0.02207929      0.05178466      0.09673420      0.13376183     -0.00385040     -0.00962056     -0.00919539     -0.13024465     -0.79740617     -0.34450932     -0.02554300      0.07285685     -0.08947920      0.00333447      4.06603794      0.10404632      0.11249876     -0.98303959      0.39686677      0.00023085      0.00128861     -0.00299899     -0.00158227      0.00303705     -0.00241245      0.00519836     -0.01054900      0.01610733      0.00752590      0.00350657     -0.00446946     -0.00873838      0.00330989      0.00217585      0.00147993      0.01349100      0.02048645     -0.00216923      0.01283927      0.00112947      0.00978544      0.00951754      0.01338875      0.00150521      0.01265659     -0.00145437     -0.15942724     -0.27275884     -0.41519833      0.00026263      0.00880573     -0.02069460     -0.18254462     -0.30631295     -0.48334226     -0.01504580      0.01145773     -0.02116259      3.08658287     -3.91034237     -1.39145972      0.11208120     -0.42738069      0.41714018     -3.04694830     -3.18491637      0.74526886      0.11006008     -0.37713309      0.36207497
     -0.00317088     -0.00802387     -0.00283467     -0.00142066      0.02362675     -0.01299215     -0.06814208     -0.07421090     -0.20206273     -0.01152437     -0.01547174     -0.02860794     -0.20046207     -0.34464208     -1.10846426     -0.05907618      0.13373132     -0.20565216     -0.35984060      0.10404632      3.49261112     -0.09511752      0.39715650     -0.93933208     -0.00052908      0.00114982     -0.00077395      0.00157236     -0.00096949      0.00014855     -0.00245297      0.00627911     -0.00951397     -0.00741133     -0.00129247     -0.00266401     -0.00016397      0.00168999     -0.00124880      0.02367850     -0.02982016      0.05767960     -0.00292229      0.00852022     -0.01282499      0.00115873     -0.03472314      0.03997707     -0.00389501      0.00694302     -0.00676455      0.03278299      0.04500286      0.07308418      0.03147760      0.02097921      0.05521466     -0.12165835     -0.17926238     -0.33474309      0.00099237      0.02843332      0.04411082      1.61905170     -1.39957257     -1.85730990      0.05240530     -0.15269332      0.14568745      1.21170217      0.74417286     -1.42509083     -0.06659165      0.17449537     -0.19984934
     -0.00054902     -0.00110117     -0.00133936      0.00403811      0.00373160     -0.00283137     -0.00837621     -0.00837154     -0.00771260     -0.03615530      0.01977091     -0.07259050     -0.03494866      0.05092385     -0.07358170     -0.58888904     -0.13351535     -0.12761419     -0.61360348      0.11249876     -0.09511752      4.43558185     -0.02242200     -0.43055972     -0.00005273     -0.00014378     -0.00031561      0.00009286     -0.00048270     -0.00045906     -0.00083906      0.00012718     -0.00225798     -0.00070962      0.00104672      0.00228613     -0.00115729     -0.00173482     -0.00274721      0.00539013     -0.00641081     -0.00136301      0.00702088      0.01841358      0.00744704      0.00858381      0.00609264     -0.00724654      0.00618646     -0.02294213      0.00550941      0.00286256      0.01765860     -0.02177304     -0.27744692     -0.39615011     -0.65981443      0.01833585     -0.00134641      0.04247202      0.15578052      0.28413719      0.51543290     -0.15619655      0.45350564     -0.49117613     -4.83215755      3.15429258      1.65115279      0.13000026     -0.49170810      0.53200743     -5.99989762     -3.08697903      1.25285102
     -0.00130083     -0.00314159     -0.00326937     -0.00236103      0.00969672     -0.00773277     -0.00910890     -0.02213825     -0.02475790      0.04400514      0.07646203      0.11377534     -0.01464386      0.08652659     -0.06040558     -0.07818463     -0.68920701     -0.20491963      0.11284573     -0.98303959      0.39715650     -0.02242200      3.99311264      0.02553555     -0.00070477      0.00051709      0.00033800      0.00093644      0.00126192     -0.00015916     -0.00189302      0.00296586     -0.00824232     -0.00048024      0.00086350      0.00167491      0.00174446      0.00146405      0.00236145     -0.00681722      0.00224879      0.00804148     -0.00629624     -0.04027656      0.00943144      0.00765848      0.00119914      0.00185226      0.00842374     -0.03702397      0.00495387     -0.00956332      0.00814310     -0.03364723     -0.19082740     -0.25828307     -0.43917336     -0.01406866      0.01193940     -0.03769373     -0.17051032     -0.29740405     -0.52443076      0.12134561     -0.42865863      0.42402822      3.16201924     -3.95025932     -1.40448604      0.11026187     -0.38110124      0.37342574     -3.08549725     -3.21430792      0.77827803
     -0.00123067     -0.00266275     -0.00320676     -0.00177125      0.01032247     -0.00188575     -0.00716461     -0.02238258     -0.02283826     -0.07668236      0.04160873     -0.24241137     -0.06244216      0.13256829     -0.21768441     -0.13616621     -0.36295831     -0.87555146     -0.09613381      0.39686677     -0.93933208     -0.43055972      0.02553555      3.31101047     -0.00064105     -0.00004175      0.00045639     -0.00010861     -0.00026140     -0.00002585     -0.00129660      0.00281235     -0.00347410     -0.00233863     -0.00049375     -0.00027531      0.00164693     -0.00011604      0.00007453     -0.00850753      0.00448345     -0.00095246      0.00564666     -0.00316392      0.02461208      0.00080212     -0.00194428     -0.00360201      0.00803006      0.00806432      0.02452347      0.02955208      0.02345560      0.04871902      0.04048223     -0.00823939      0.03625067      0.00216383      0.02988106      0.03641303     -0.14591128     -0.23787230     -0.36346380      0.04883459     -0.15239873      0.15379735      1.65561568     -1.39489585     -1.83145971     -0.06465630      0.17746627     -0.20896262      1.24833230      0.79005583     -1.40909138
     -5.16678041      3.31493895      1.51683426     -0.15967892      0.11501072      0.04760916      0.00051609     -0.00128305      0.02595069     -0.00100359     -0.00043732     -0.00045797      0.00636222     -0.00576555     -0.00836208     -0.00021734     -0.00042055      0.00019383     -0.00063803      0.00023085     -0.00052908     -0.00005273     -0.00070477     -0.00064105     19.25274363    -12.78293352     -5.67357401     -1.72024235      1.52714151      0.66105468      0.67501726     -0.65719415     -0.28739403      0.10260314     -0.02795249     -0.03883911      0.10981218      0.07564344     -0.13501606     -0.00122607     -0.02275060     -0.07056093     -0.00151739     -0.00003423      0.00126891     -0.00990755      0.00432276      0.00176324      0.00142555      0.00093809     -0.00033327     -0.00173927     -0.00187583     -0.00023011     -0.00082533     -0.00195629      0.00007670      0.00341104     -0.01098772      0.01481706      0.00132663      0.00021888     -0.00348883      0.00417957     -0.00240867     -0.00632292      0.00017800     -0.00199044      0.00063713     -0.00244104     -0.00213011      0.00015072      0.00189793      0.00024155     -0.00069720
      3.32660259     -3.92699715     -1.27609837      0.43467729     -0.39353606     -0.15215968     -0.01825903      0.01902837     -0.02974254      0.00004840      0.00069913     -0.00024357     -0.00635745      0.00271562      0.00235031      0.00023294      0.00013645      0.00056247     -0.00211657      0.00128861      0.00114982     -0.00014378      0.00051709     -0.00004175    -12.78293352     14.91701835      4.51935866     -1.29538825      1.04471704      0.50266627      1.16484421     -0.96411204     -0.31361064     -0.05930930      0.03037581     -0.05112167      0.06340642     -0.19068603      0.35402584      0.00679949      0.06175108      0.06719734      0.00167187      0.00006099     -0.00244201      0.00134371      0.01604018      0.00220207     -0.00168320      0.00181259     -0.00006705     -0.00204202     -0.00195477      0.00170269      0.00152977      0.00608633     -0.00263593     -0.00737111      0.00644042     -0.01773906     -0.00376006      0.00248340      0.00365438     -0.00213647      0.00574180      0.00452452      0.00091397      0.00005084     -0.00339806      0.00420737      0.00803796     -0.00132981     -0.00196515      0.00307893     -0.00123775
      1.53195678     -1.27719329     -1.73456776     -0.52829428      0.42712154      0.16767410     -0.01721574      0.02321804      0.06266474      0.00009597      0.00003211     -0.00008811     -0.00059348      0.00692858     -0.00253403     -0.00005609      0.00022191      0.00073816      0.00209730     -0.00299899     -0.00077395     -0.00031561      0.00033800      0.00045639     -5.67357401      4.51935866      6.46673210      0.46427710     -0.43181936     -0.32851459      1.85059695     -1.39234366     -0.71029799      0.02650327     -0.07242717      0.10727009     -0.15261419      0.31705091     -0.30667653      0.05277258     -0.04328190     -0.01248117      0.00184305     -0.00050050     -0.00071320     -0.00115549     -0.00459421     -0.00680167     -0.00319360     -0.00319932      0.00262440     -0.00262298      0.00201952      0.00153326      0.00141933      0.00213233      0.00014965      0.01796670     -0.01874254      0.00016018     -0.00411736      0.00212904      0.00473207     -0.00489787     -0.00053083     -0.00240576      0.00118653     -0.00175245     -0.00028350      0.00138746      0.00302745      0.00041974     -0.00272473     -0.00050046      0.00194526
     -5.87643249     -3.21280835      1.48048301      0.17249955      0.13176744     -0.07339801      0.02644616      0.01619732      0.00218029      0.00035900      0.00115811     -0.00014979      0.00784692      0.00722473      0.00083714      0.00082824      0.00005326      0.00043226     -0.00042374     -0.00158227      0.00157236      0.00009286      0.00093644     -0.00010861     -1.72024235     -1.29538825      0.46427710     21.93301485     12.19883317     -5.54907443     -0.72760174     -0.32236224      0.29284906      0.07591821      0.12285008     -0.16396293      0.09534050     -0.04138874      0.03810811     -0.00658914     -0.00179906      0.00473891      0.00157393      0.00014031     -0.00663691      0.00693528     -0.00406608      0.05532938      0.00065650     -0.00157276     -0.00032933     -0.01403813     -0.00076806     -0.00584837      0.00173422      0.00187798     -0.00234785      0.00724477     -0.00192524     -0.00396606     -0.00103283      0.00217153      0.00192574     -0.00221592      0.00257484      0.00161407      0.00445906      0.00053811     -0.00392579      0.00637210      0.00227231     -0.00249848     -0.00135975     -0.00134461      0.00047591
     -3.19723355     -3.36129426      0.99364058     -0.46423131     -0.36090356      0.16166113     -0.00183306      0.01539668     -0.03732493     -0.00000217      0.00257513     -0.00018333      0.00475598      0.00267574     -0.00311535      0.00015958      0.00179438      0.00054243      0.00171385      0.00303705     -0.00096949     -0.00048270      0.00126192     -0.00026140      1.52714151      1.04471704     -0.43181936     12.19883317     12.65579898     -4.14789495     -1.21593514     -0.89511832      0.44129840      0.14331219     -0.16806994      0.33156293     -0.01483110      0.02866121     -0.06849183      0.00353700      0.01714511      0.00233512      0.00192640      0.00419188     -0.00250591      0.03813061      0.06251533      0.04653285     -0.00208438      0.00633219      0.00030378      0.00199469      0.02053114     -0.01880300      0.00020829      0.01020719     -0.00236411      0.00054787      0.00171502      0.00052855     -0.00352671      0.00709684      0.00361142     -0.00485535      0.00959437      0.00174365     -0.00070709      0.00665047     -0.00175298      0.00385781      0.01257578      0.00182193     -0.00112225      0.00893322     -0.00081349
      1.47145383      0.98265875     -1.61336094      0.54380503      0.37590720     -0.21310878      0.04847436      0.01305692      0.04308829      0.00009821     -0.00017860     -0.00042395     -0.00705575      0.00154094     -0.00276846      0.00022170      0.00006458      0.00070823     -0.00248117     -0.00241245      0.00014855     -0.00045906     -0.00015916     -0.00002585      0.66105468      0.50266627     -0.32851459     -5.54907443     -4.14789495      6.12821883     -2.01054787     -1.29779651      0.61700971     -0.13150967      0.30901623     -0.31893925     -0.02659757     -0.06040989      0.10180354      0.00229439     -0.00518128     -0.00867873     -0.00129091      0.00009754      0.00008915     -0.07220672     -0.04116516     -0.01863675      0.00121380     -0.00145269     -0.00052505     -0.00778301     -0.01889800      0.01473317     -0.00081209     -0.00141765      0.00046670      0.00077972      0.00321256      0.00261821      0.00078098     -0.00100757      0.00055523      0.00174092     -0.00179852     -0.00100656     -0.00123644     -0.00022039      0.00054847     -0.00471563     -0.00267716     -0.00412438      0.00240135      0.00160036      0.00026085
     -1.82404022     -1.15587877     -1.79682322     -0.09872417     -0.11057718     -0.13596924      0.00126872      0.04717887     -0.02345130     -0.00071421     -0.00089472     -0.00029936      0.01153472     -0.01414352     -0.01153956     -0.00005635      0.00093790     -0.00060889     -0.00047068      0.00519836     -0.00245297     -0.00083906     -0.00189302     -0.00129660      0.67501726      1.16484421      1.85059695     -0.72760174     -1.21593514     -2.01054787      6.62777599      4.26926155      6.89491188      0.04080420      0.01673675      0.03323893     -0.01296981     -0.02406927      0.00834433      0.01228370     -0.02583641     -0.03100409     -0.00010638      0.00084180      0.00002830      0.03135616      0.02325592      0.03873123      0.00093598      0.00060272      0.00011009     -0.00126192      0.00577118     -0.00829498     -0.00053051     -0.00091402      0.00047141     -0.00228620     -0.00280801      0.00766296      0.00134811      0.00087896     -0.00181481      0.00311386     -0.00073079     -0.00220093      0.00087831     -0.00009689     -0.00012485     -0.00027527     -0.00121186      0.00098146      0.00133312     -0.00015874      0.00019891
     -1.14057291     -3.13015251     -3.09841180      0.19854882      0.29885331      0.51680643      0.01386779     -0.08166042      0.05706154     -0.00134255      0.00021748     -0.00083318      0.00865559      0.02614694      0.02552724     -0.00033143     -0.00087457      0.00171945      0.00029975     -0.01054900      0.00627911      0.00012718      0.00296586      0.00281235     -0.65719415     -0.96411204     -1.39234366     -0.32236224     -0.89511832     -1.29779651      4.26926155     11.64202100     11.40386695     -0.00728990      0.07994176     -0.06479591     -0.02539297      0.09423668     -0.06824309     -0.02783988      0.00117909      0.01834087     -0.00177235      0.00181026      0.00291717      0.02339430      0.00246038     -0.00206416     -0.00256141      0.00525453     -0.00040716     -0.00837737      0.01079054     -0.00687912     -0.00298306      0.00399230     -0.00168850     -0.00262488      0.00890050     -0.00817378     -0.00299401      0.00227517     -0.00237138     -0.00487205      0.00298575     -0.00444974     -0.00335360      0.00144203      0.00004729     -0.00199556      0.00434516     -0.00406005     -0.00225654      0.00632197     -0.00194480
     -1.78301738     -3.06604523     -5.95400672     -0.16833635     -0.37597550     -0.49721006     -0.01926479      0.14376669     -0.06474934     -0.00096079     -0.00394750     -0.00093081     -0.01507423     -0.04124791     -0.02193921     -0.00127249      0.00260038     -0.00283568     -0.00282722      0.01610733     -0.00951397     -0.00225798     -0.00824232     -0.00347410     -0.28739403     -0.31361064     -0.71029799      0.29284906      0.44129840      0.61700971      6.89491188     11.40386695     22.49270247      0.07995051     -0.03765374      0.04952655     -0.03196691     -0.00128357      0.10776255      0.01375501      0.00914332      0.03786712      0.00176134     -0.00221429      0.00303522     -0.01236824     -0.00245103      0.02276520     -0.00271887     -0.00274577      0.00186007      0.00611523     -0.00165034     -0.00595450      0.00091684     -0.00230398      0.00019804     -0.01170860      0.00462148     -0.00137770     -0.00253233     -0.00025846     -0.00047088     -0.00031424     -0.00284621     -0.00200347     -0.00030977     -0.00691153     -0.00088821     -0.00316753     -0.00292078     -0.00109636     -0.00170804     -0.00283414     -0.00062957
