      4.66435663     -0.71893907     -0.87344880      0.00083292      0.00035685      0.00027883     -0.69605964      0.22204560     -0.09826001      0.00037118     -0.00012669      0.00008469     -0.04413054      0.03977308     -0.07759496     -0.00013333      0.00019437     -0.00007977     -0.00216526     -0.00150726     -0.01255166      0.00008449      0.00036894     -0.00028165      0.00473592      0.00178557     -0.00135269     -0.00021345     -0.00023272     -0.00095763     -8.01416038      3.44904556      0.05185996      0.00017354      0.00027740      0.00002447     -5.61331794     -1.90561841      3.65568310     -0.00229040      0.00004455     -0.00035369     -0.00023690     -0.00106021     -0.00097566      0.17950903     -0.44892901      0.50870653     -0.00003281     -0.00001896      0.00005541     -0.19649285      0.46584658     -0.54464733      0.00094598      0.00029527      0.00028667      0.02653066     -0.01075058      0.04503124      0.00043696      0.00018370     -0.00015972      0.01912200      0.03033184     -0.01560107      0.00023676      0.00011494     -0.00008806      0.00676118      0.01003312     -0.00903857     -0.00023010      0.00018741      0.00005684      0.00708358     -0.00988250      0.00311319      0.00043288      0.00002641     -0.00020881     -0.00043232     -0.00181412     -0.00342032      0.00011995      0.00035312      0.00010465     -0.00006655      0.00141228      0.00313084      0.00038017     -0.00000818     -0.00037852
     -0.71893907      2.35173637     -1.65204212      0.00068816      0.00056462      0.00036250      0.19779856     -1.02995630      0.61346646     -0.00052724      0.00011273     -0.00007511      0.02872633      0.07737753      0.06930592     -0.00044923     -0.00065393     -0.00048369     -0.00731357     -0.00968005     -0.01944895      0.00010915      0.00170120     -0.00091628     -0.00096821      0.01053490     -0.00427720     -0.00080021     -0.00423734     -0.00086111      3.31701738     -2.36760354      0.55798687     -0.00056780      0.00020645     -0.00022064     -1.83999786     -1.84602779      2.14422811     -0.00170344      0.00165836     -0.00030119     -0.00062093     -0.00011549     -0.00129391      0.09356070     -0.29894988      0.41260463      0.00249023      0.00218363     -0.00015098      0.17280376     -0.33201152      0.42314959     -0.00361929      0.00096293      0.00038292     -0.03146913      0.00289644     -0.03834841      0.00105289      0.00016568     -0.00056359      0.00144197     -0.00644170     -0.04429763      0.00096627      0.00153517     -0.00026027      0.00356691      0.00379785     -0.00194883      0.00065544      0.00163799     -0.00028430     -0.00429527      0.00395688      0.00109208      0.00018432      0.00045120      0.00039720      0.00141815      0.00180304      0.00289074     -0.00023751      0.00033466     -0.00030426      0.00108852      0.00143598      0.00237712      0.00100017      0.00223845     -0.00024456
     -0.87344880     -1.65204212      2.74556018     -0.00010410      0.00026937      0.00048292     -0.09485134      0.67875024     -1.03716057      0.00066223     -0.00017832      0.00016465     -0.07618403      0.10175109     -0.25409273     -0.00025881      0.00011369     -0.00000096     -0.01223920     -0.00406759     -0.03163247     -0.00012296      0.00027866     -0.00028813     -0.00106715      0.00452707      0.00163114     -0.00111065     -0.00040944     -0.00225218     -0.06441895      0.59524925     -0.96550038     -0.00275325      0.00067138      0.00032522      3.79630472      2.24785196     -3.88175358      0.00082342      0.00014921      0.00066210     -0.00128476     -0.00097336      0.00012164     -0.02340756      0.22477578     -0.33011619     -0.00175359      0.00050253      0.00074407     -0.04927889     -0.09781913      0.11136409      0.00341675     -0.00029380      0.00079213     -0.00029274      0.03742953      0.06099981      0.00033849     -0.00017443      0.00073656      0.03427593      0.02386288      0.06704741     -0.00005835      0.00004280      0.00067395      0.00169262     -0.00390367      0.00252574     -0.00079083      0.00027807      0.00118562     -0.00600677      0.00504168     -0.00047004      0.00057385     -0.00068256      0.00053920      0.00272198     -0.00157753      0.00053079     -0.00046581      0.00038382      0.00098336     -0.00362851     -0.00050839     -0.00095088      0.00115946     -0.00044207      0.00068994
      0.00083292      0.00068816     -0.00010410      4.35934030      0.13018969     -0.11900096      0.00040093     -0.00049432     -0.00021360     -0.62858299      0.12747174     -0.14130286      0.00000672     -0.00032915     -0.00070291     -0.03179845      0.05300551     -0.07436224     -0.00002006      0.00076069     -0.00048976     -0.00709193     -0.01022409     -0.00820093     -0.00039880     -0.00146308     -0.00129993      0.00417018      0.00447851     -0.00320784      0.00062241     -0.00081704     -0.00146088     -5.14079675      3.29762084      1.55399494     -0.00443406     -0.00218287      0.00183819     -5.89317821     -3.20910071      1.44376462     -1.83084111     -1.12475547     -1.81189268      0.00484124      0.00125350     -0.00071321      0.17218211     -0.44233005      0.53914837     -0.00264645      0.00169679      0.00091282     -0.15540797      0.42314195     -0.52203777      0.00026904      0.00096624     -0.00031988      0.02040812     -0.00534247      0.03774564      0.00074758      0.00021036     -0.00063674      0.00752195      0.02225067     -0.01341121     -0.00089966     -0.00040612     -0.00010045      0.00899539      0.00746062     -0.00910221      0.00039794     -0.00056343     -0.00098937      0.00556311     -0.00678071      0.00014821     -0.00075960      0.00074365     -0.00040578     -0.00030086     -0.00209091     -0.00248584      0.00123864      0.00008970     -0.00074023     -0.00070735      0.00115096      0.00285101
      0.00035685      0.00056462      0.00026937      0.13018969      4.07243756      0.41942501     -0.00105391      0.00034931     -0.00015998      0.13134667     -0.97356499      0.42860076     -0.00086866     -0.00034368     -0.00052256     -0.02042857      0.08842781     -0.07465921     -0.00035629      0.00154257     -0.00068901     -0.00860790     -0.02151183     -0.02341059     -0.00113256     -0.00315243     -0.00301684     -0.00220242      0.00995413     -0.00776995      0.00045860      0.00025630     -0.00022007      3.32239389     -3.92430062     -1.30457863     -0.00022319     -0.00040393     -0.00033464     -3.21663722     -3.36207740      0.95982006     -1.12947279     -3.06784340     -3.03826432      0.00572037      0.00220869     -0.00023494      0.15552529     -0.35269146      0.39902562      0.00027635      0.00112414      0.00042930      0.11327505     -0.37856202      0.46488802     -0.00225039      0.00089897      0.00006686     -0.01734229      0.02161821     -0.02370321      0.00075494      0.00188565     -0.00013563      0.00128700      0.01433116     -0.02492518      0.00221237      0.00177887     -0.00003067      0.00729725      0.00240635     -0.00014736     -0.00015898      0.00121571      0.00001576     -0.00574750      0.00249497      0.00579399     -0.00000106      0.00042931      0.00074072      0.00119802      0.00229559      0.00182676      0.00072048      0.00173817      0.00001945      0.00095503      0.00161113      0.00179040
      0.00027883      0.00036250      0.00048292     -0.11900096      0.41942501      3.98885640     -0.00098541      0.00047285     -0.00044455     -0.14278616      0.41809404     -1.05325045      0.00041113     -0.00052984     -0.00036093     -0.06424962      0.14002181     -0.21426691      0.00002440      0.00162929     -0.00069527     -0.00872229     -0.02747364     -0.02471158     -0.00115342     -0.00358100     -0.00334254     -0.00220301      0.01213911     -0.00308782      0.00027506     -0.00087144     -0.00105147      1.54800605     -1.29968768     -1.75966760     -0.00077863     -0.00097804     -0.00051353      1.44224646      0.96537324     -1.58875440     -1.79735660     -3.05936184     -6.02141821      0.00149769      0.00074910      0.00001712     -0.07142737      0.17277467     -0.20991306     -0.00059338      0.00024455      0.00028943      0.04856335     -0.13629114      0.15726422      0.00266037      0.00013235     -0.00020599      0.00545219      0.03004787      0.04220491     -0.00046811      0.00011982     -0.00018191      0.02220404      0.01927108      0.05294473     -0.00089667      0.00078022      0.00007190      0.00152615     -0.00258631     -0.00213711      0.00013452     -0.00012705      0.00112434     -0.00893857      0.00511401     -0.00186919     -0.00106962      0.00040021     -0.00028894      0.00221607     -0.00055602      0.00202645      0.00117313     -0.00058971      0.00002698     -0.00216511      0.00035719      0.00043594
     -0.69605964      0.19779856     -0.09485134      0.00040093     -0.00105391     -0.00098541      4.33716758     -0.11066402     -0.53796024      0.00083084     -0.00035517     -0.00065327     -0.54544532     -0.07678287     -0.12228856     -0.00047631     -0.00070679     -0.00075613     -0.02866486     -0.02976659     -0.06518948     -0.00020702      0.00202487     -0.00118307     -0.00547917      0.01389602     -0.00238987      0.00307549     -0.00566899     -0.00201497     -0.05769088      0.35532212     -0.57079196     -0.00192410      0.00080908     -0.00101188      0.22267133     -0.29125902      0.51836025     -0.00311199     -0.00179066     -0.00101953      0.00124664      0.00084259      0.00188156     -5.86165573     -3.03334794      1.36219418      0.00036567     -0.00032724     -0.00086232     -4.89141551      3.10475878      1.71469247     -0.00370409      0.00076858      0.00063144      0.16476943      0.23986915      0.44573106     -0.00121768      0.00006930     -0.00111761     -0.22909991     -0.33031742     -0.62597673      0.00132654     -0.00007600     -0.00133317      0.01882039     -0.00762705      0.04053648     -0.00177073     -0.00116641     -0.00028571      0.00152833     -0.01325607     -0.00962657      0.00112946     -0.00132975     -0.00104268      0.00717048     -0.00730523     -0.00636623     -0.00192418     -0.00071172      0.00039909      0.00589720      0.00422966     -0.00062947      0.00006842      0.00206906     -0.00314540
      0.22204560     -1.02995630      0.67875024     -0.00049432      0.00034931      0.00047285     -0.11066402      3.88081930     -0.22005260     -0.00016294     -0.00065879      0.00017992     -0.14421575     -0.65575344     -0.39781061      0.00042584      0.00105928      0.00092320      0.04871426      0.06047583      0.13262257      0.00101058     -0.00314986      0.00219009      0.00551061     -0.02480490      0.01969774      0.00289527      0.00700232      0.00833419      0.03927619     -0.09347823      0.27113727     -0.00095700      0.00054371      0.00026974      0.11545770     -0.06279839      0.19919706      0.00312830      0.00137893     -0.00038896     -0.00006502      0.00013722      0.00028172     -2.95884498     -3.31462621      0.82190105      0.00081101      0.00103087     -0.00017992      3.03608020     -3.87010876     -1.29249900      0.00029819     -0.00003958      0.00001627     -0.18013318     -0.25797691     -0.44677447     -0.00007331      0.00022288      0.00019197     -0.13519577     -0.23580266     -0.39517051      0.00177416      0.00130841     -0.00043662      0.01739054      0.01445583      0.01181524      0.00056430      0.00112222     -0.00038096     -0.00450132      0.02024450      0.02121904     -0.00069009     -0.00035211     -0.00090145     -0.00669685      0.00106389      0.00088956      0.00038126      0.00130789     -0.00201926      0.00497329      0.00207910     -0.00442531     -0.00005758      0.00220886     -0.00147439
     -0.09826001      0.61346646     -1.03716057     -0.00021360     -0.00015998     -0.00044455     -0.53796024     -0.22005260      3.00519059     -0.00083788      0.00144730     -0.00046892     -0.11242231     -0.20319413     -0.79621636     -0.00078778     -0.00237400     -0.00140118     -0.07657814     -0.09598839     -0.21174711     -0.00032281      0.00651046     -0.00298939     -0.00055503      0.04354246     -0.01479755     -0.00355875     -0.01656211     -0.00247812      0.13176425     -0.01114662      0.14383892      0.00115537      0.00013385     -0.00085567     -0.20230560      0.23067374     -0.17251701     -0.00452774      0.00044216     -0.00009096     -0.00084005      0.00115954     -0.00219785      1.29038065      0.87307809     -1.24910535     -0.00015232      0.00140623     -0.00049093      1.78213739     -1.29555434     -1.68456955     -0.00190615      0.00089014     -0.00021459     -0.14571977     -0.18218845     -0.38925237     -0.00176649      0.00090725     -0.00064080      0.00446676     -0.00499388     -0.00945142      0.00231653      0.00085062     -0.00050142      0.00557838     -0.03368337      0.04056835     -0.00057058      0.00148420      0.00058626      0.02055189     -0.02785669      0.06239387      0.00062125      0.00019862      0.00098428      0.00313417      0.00175785     -0.00002913     -0.00230795      0.00295887     -0.00187537     -0.00851861     -0.00123061      0.00106222      0.00240107      0.00167207     -0.00122463
      0.00037118     -0.00052724      0.00066223     -0.62858299      0.13134667     -0.14278616      0.00083084     -0.00016294     -0.00083788      4.46031466     -0.01233320     -0.36584024      0.00053446      0.00019707      0.00029928     -0.65943343     -0.13444915     -0.19454259     -0.00020921      0.00096821     -0.00081413     -0.03601217     -0.01905101     -0.05842986      0.00443484     -0.00239776     -0.00162991     -0.00548736      0.00611126     -0.00132915     -0.00356666      0.00109448      0.00057464     -0.15650401      0.43857266     -0.52082371      0.00258650      0.00031702     -0.00022452      0.17039146     -0.46818410      0.54161095     -0.10139121      0.19980910     -0.16914676     -0.00059331     -0.00071112     -0.00047423     -5.80955032     -3.08332371      1.28353523     -0.00447796      0.00309072      0.00056349     -4.90773887      3.13935211      1.61038614      0.00084667     -0.00154800      0.00029126      0.17291615      0.32048439      0.52594542     -0.00318396     -0.00213674      0.00219930     -0.25861735     -0.39073301     -0.63922791      0.00081703     -0.00001838      0.00086749      0.01866033     -0.00749483      0.04534118      0.00002028     -0.00028918     -0.00053160      0.00254180     -0.01407989     -0.01387079     -0.00113349     -0.00128629      0.00252524      0.00646009     -0.00798320     -0.00804453     -0.00045302      0.00238619     -0.00174896      0.00764198      0.00585269      0.00094742
     -0.00012669      0.00011273     -0.00017832      0.12747174     -0.97356499      0.41809404     -0.00035517     -0.00065879      0.00144730     -0.01233320      4.08957382      0.03523672      0.00029505      0.00138566      0.00114965     -0.13046033     -0.81894769     -0.34695233      0.00130409     -0.00491464      0.00287610      0.05050432      0.09699883      0.13133981      0.00411328      0.01111898      0.01148254      0.00609541     -0.03479011      0.02389181     -0.00116387     -0.00003645      0.00049561      0.11664469     -0.40012842      0.41862742     -0.00251529     -0.00023290      0.00005311      0.12363526     -0.37121496      0.37453289     -0.10636974      0.30252913     -0.36448626      0.00180469      0.00152332     -0.00038701     -3.11013705     -3.32586549      0.82846921     -0.00020926      0.00062022     -0.00044774      3.13054582     -3.88520439     -1.35867328     -0.00144015      0.00025464     -0.00023062     -0.17878736     -0.31668425     -0.48387107     -0.00090304      0.00090281     -0.00017416     -0.16017248     -0.29039546     -0.41976448      0.00179333      0.00246741     -0.00063596      0.01081430      0.00737503      0.01776297     -0.00165121      0.00031545      0.00015248      0.00318551      0.01292868      0.02158347     -0.00132273      0.00168944     -0.00374154     -0.00996151      0.00256178      0.00221301     -0.00197110      0.00226473     -0.00218053      0.00680356      0.00419928     -0.00461040
      0.00008469     -0.00007511      0.00016465     -0.14130286      0.42860076     -1.05325045     -0.00065327      0.00017992     -0.00046892     -0.36584024      0.03523672      3.53018618     -0.00155942     -0.00091541     -0.00065770     -0.19572340     -0.35842364     -1.10441975     -0.00024193      0.00240035     -0.00170843     -0.06903878     -0.07329299     -0.20531718     -0.00256901     -0.00832822     -0.00190372     -0.00153720      0.02210641     -0.01297886      0.00103904     -0.00114913     -0.00071398      0.05010369     -0.15788012      0.17051604      0.00148187     -0.00070356      0.00020678     -0.07396263      0.16173500     -0.20806001     -0.13113501      0.52281479     -0.49038057     -0.00296209     -0.00029210     -0.00026154      1.29252767      0.82925082     -1.47727278     -0.00096440      0.00031703      0.00082259      1.60114667     -1.34730380     -1.80786900     -0.00078095     -0.00047083      0.00007203     -0.11818793     -0.17511662     -0.32673448     -0.00188991     -0.00033714     -0.00028236      0.04911894      0.05220133      0.08115115      0.00359117      0.00069458      0.00056099     -0.00177834     -0.03577979      0.03858916     -0.00043535      0.00006024      0.00104558      0.02529455     -0.03226917      0.05719252     -0.00088050      0.00048598     -0.00048825     -0.00031598      0.00161706     -0.00249573      0.00105984     -0.00083778      0.00025751     -0.00743433     -0.00137423     -0.00367030
     -0.04413054      0.02872633     -0.07618403      0.00000672     -0.00086866      0.00041113     -0.54544532     -0.14421575     -0.11242231      0.00053446      0.00029505     -0.00155942      4.40582560     -0.02341484     -0.45905471     -0.00019034      0.00018264     -0.00075432     -0.61297016      0.11435481     -0.09150220      0.00424844      0.00305516     -0.00232130     -0.03567327      0.04789068     -0.07405674     -0.00813110     -0.00752305     -0.00680654      0.01354273      0.03122190      0.01731892     -0.00203589      0.00115271      0.00060160      0.00182054     -0.03261377     -0.00549733      0.00208214      0.00027502     -0.00024478     -0.00024554     -0.00216274     -0.00134270     -0.28251197     -0.40707154     -0.64815562      0.00050348     -0.00090964     -0.00042598      0.13333868      0.28905312      0.50868170     -0.00179024      0.00156204      0.00009546     -4.88662595      3.18212253      1.67036987      0.00108768     -0.00143193     -0.00063036     -5.96149381     -3.10347780      1.27624909     -0.00273448     -0.00225933      0.00087533      0.13549815     -0.48563241      0.52780395     -0.00035481      0.00123254      0.00260810     -0.15973991      0.45204295     -0.49443790      0.00034270     -0.00162352     -0.00210404      0.01628429      0.00041652      0.04402735      0.00545282     -0.00672811     -0.00063697      0.00457928      0.01861369     -0.02132258      0.00935500      0.00621994     -0.00636582
      0.03977308      0.07737753      0.10175109     -0.00032915     -0.00034368     -0.00052984     -0.07678287     -0.65575344     -0.20319413      0.00019707      0.00138566     -0.00091541     -0.02341484      3.95652454      0.03392649     -0.00078992     -0.00277577     -0.00264568      0.11500873     -0.97108859      0.39763496     -0.00281180      0.00858285     -0.00800872     -0.01446539      0.08004212     -0.05805940     -0.00928342     -0.01861869     -0.02463932     -0.01437508     -0.05214084      0.00015896      0.00007351      0.00031347      0.00065358      0.00571028     -0.05298687     -0.00691259      0.00051756      0.00074797      0.00005350     -0.00019313      0.00121787     -0.00142126     -0.20649414     -0.26443889     -0.44178111      0.00263247      0.00138882     -0.00001836     -0.15344230     -0.29488029     -0.52500516     -0.00220889      0.00129370      0.00076667      3.14880371     -3.91851232     -1.38616738     -0.00042157     -0.00007349      0.00070562     -3.11344988     -3.26192942      0.80185408      0.00008607      0.00074170      0.00001353      0.11567943     -0.38414332      0.38142405      0.00125615      0.00183795      0.00193861      0.12435780     -0.42507612      0.42463953     -0.00140847      0.00234077      0.00209532     -0.01797108      0.01448237     -0.03833344     -0.00532883      0.00107869      0.00833798     -0.00754892      0.00898916     -0.03495662      0.00770997      0.00105468      0.00252193
     -0.07759496      0.06930592     -0.25409273     -0.00070291     -0.00052256     -0.00036093     -0.12228856     -0.39781061     -0.79621636      0.00029928      0.00114965     -0.00065770     -0.45905471      0.03392649      3.22133156     -0.00079889     -0.00228795     -0.00280588     -0.09042115      0.39017649     -0.91473068     -0.00156194      0.00904278     -0.00081683     -0.06371208      0.12493253     -0.21940645     -0.00709153     -0.02041962     -0.02222463      0.00673624     -0.00281049      0.02236467     -0.00052193      0.00016369     -0.00028749      0.00646347      0.01877116      0.02725023     -0.00024246     -0.00078870      0.00010261     -0.00061001      0.00066368     -0.00021973      0.05287602     -0.02631019      0.00804305      0.00229384      0.00041011      0.00051831     -0.15918199     -0.25061299     -0.37851481     -0.00221110      0.00012294      0.00044816      1.66949280     -1.37967180     -1.81382630     -0.00135059      0.00034259      0.00067471      1.27214204      0.82526834     -1.40260523     -0.00040036     -0.00094426      0.00054921     -0.06797977      0.17873416     -0.21660885     -0.00410771     -0.00083694      0.00030661      0.05038043     -0.15274465      0.14790949      0.00484407     -0.00080598      0.00034992     -0.00133808      0.02998899      0.03797059     -0.00890137      0.00409477     -0.00006094      0.02970181      0.02150286      0.04934423      0.00089945     -0.00238153     -0.00190433
     -0.00013333     -0.00044923     -0.00025881     -0.03179845     -0.02042857     -0.06424962     -0.00047631      0.00042584     -0.00078778     -0.65943343     -0.13046033     -0.19572340     -0.00019034     -0.00078992     -0.00079889      4.43589899     -0.00723782     -0.34220714      0.00433932      0.00354071     -0.00318692     -0.61818569      0.11634139     -0.12039203     -0.00819888     -0.00903393     -0.00680074     -0.03591412      0.05067852     -0.07068442     -0.00010781     -0.00003382     -0.00069223      0.00317188     -0.02050331     -0.01889727     -0.00052693      0.00027629      0.00027204      0.02371010     -0.00432074      0.04880827      0.00016977      0.01572552     -0.01822126     -0.00160866     -0.00140632      0.00058349     -0.25716006     -0.38958639     -0.63970646      0.00293648     -0.00157528     -0.00080055      0.17694019      0.32040119      0.52985284     -0.00103855      0.00106499     -0.00048788     -4.85077026      3.10843573      1.55429983     -0.00180671     -0.00127044     -0.00062605     -5.79953266     -3.03797277      1.28840023      0.00167376      0.00241168      0.00245665      0.13869543     -0.46673593      0.53934143     -0.00283709      0.00001493     -0.00162553     -0.16726286      0.44272895     -0.50604149      0.00694822     -0.00799611     -0.00116714      0.01710643      0.00012143      0.04232059      0.00913731      0.00647449     -0.00744159      0.00491878      0.01748532     -0.01709345
      0.00019437     -0.00065393      0.00011369      0.05300551      0.08842781      0.14002181     -0.00070679      0.00105928     -0.00237400     -0.13444915     -0.81894769     -0.35842364      0.00018264     -0.00277577     -0.00228795     -0.00723782      4.06945712      0.05427499     -0.00248829      0.01102786     -0.00878783      0.11617123     -0.97074386      0.39653321     -0.01091568     -0.02495144     -0.02584424     -0.01983894      0.09729230     -0.07679871      0.00244116      0.00110090      0.00075854     -0.00145940      0.01937582      0.02470806     -0.00029943      0.00063782      0.00070966      0.01791645      0.01383096      0.01431740      0.04539988     -0.08485438      0.14313404      0.00237572      0.00158214      0.00069821     -0.15818975     -0.28548313     -0.42295742      0.00217851      0.00092509      0.00187442     -0.18027910     -0.31340781     -0.47875232      0.00001181      0.00020219     -0.00008570      3.12967455     -3.87834559     -1.30703892      0.00049395      0.00148753      0.00051308     -3.04335023     -3.24530738      0.83147464      0.00157402      0.00232186      0.00225613      0.11921453     -0.36982146      0.38504371      0.00213281      0.00250570      0.00299410      0.12784130     -0.40820712      0.43311773     -0.00888245      0.00192726      0.00809192     -0.01432208      0.01466957     -0.03051947      0.00856128      0.00135345      0.00188999     -0.00513182      0.00835536     -0.02750650
     -0.00007977     -0.00048369     -0.00000096     -0.07436224     -0.07465921     -0.21426691     -0.00075613      0.00092320     -0.00140118     -0.19454259     -0.34695233     -1.10441975     -0.00075432     -0.00264568     -0.00280588     -0.34220714      0.05427499      3.54520715     -0.00318815      0.01062455     -0.00175348     -0.12050894      0.39958840     -0.99657595     -0.00719594     -0.02503118     -0.02258722     -0.05928986      0.13017147     -0.20888784     -0.00146588     -0.00034246     -0.00042207      0.02583461     -0.03210740      0.06289968     -0.00093507      0.00003213      0.00014661      0.00081707     -0.03845130      0.04251135     -0.02500355      0.05591007     -0.06589356     -0.00050904     -0.00011007      0.00030214      0.04208504      0.05256035      0.08277527      0.00281518     -0.00070823      0.00046539     -0.11627606     -0.17851241     -0.31816405     -0.00209515      0.00017311      0.00033494      1.55645442     -1.30765028     -1.78589199      0.00054521     -0.00009629     -0.00016869      1.28317863      0.83039859     -1.47648898     -0.00234588     -0.00073829     -0.00002446     -0.06845102      0.18486867     -0.22197858      0.00065568     -0.00035005      0.00088895      0.05088016     -0.13750256      0.15027668     -0.00657741      0.00431911     -0.00117053      0.00330947      0.02824977      0.04066450      0.00074748     -0.00246914     -0.00309867      0.02711565      0.01984443      0.05299989
     -0.00216526     -0.00731357     -0.01223920     -0.00002006     -0.00035629      0.00002440     -0.02866486      0.04871426     -0.07657814     -0.00020921      0.00130409     -0.00024193     -0.61297016      0.11500873     -0.09042115      0.00433932     -0.00248829     -0.00318815      4.42989407      0.00974408     -0.36414216     -0.00517941      0.00533103     -0.00180768     -0.65562202     -0.13004855     -0.19705557     -0.03541096     -0.01816822     -0.05735068      0.00368217      0.00603762      0.00244372     -0.00059917     -0.00014405     -0.00044842     -0.00171063      0.00195396     -0.01085869      0.00034750     -0.00031003     -0.00050234     -0.00027351     -0.00147666     -0.00103082      0.00555147      0.02017150     -0.01536274     -0.00155870     -0.00179409      0.00080948      0.01285054     -0.00116369      0.04328804      0.00180850     -0.00114652     -0.00048184     -0.14581147      0.45597958     -0.47717325     -0.00080017     -0.00095576      0.00094972      0.13378818     -0.49185078      0.50684033     -0.00167152      0.00061802     -0.00354066     -5.88481599     -3.04178727      1.22741360      0.00950129      0.00715863     -0.00036579     -4.79787417      3.08207763      1.62598176      0.00295491     -0.00663650     -0.00796481      0.17668212      0.30372252      0.51804123      0.00323071     -0.01535606     -0.01343577     -0.25980613     -0.37981999     -0.64849906      0.01866227     -0.00895637      0.04444506
     -0.00150726     -0.00968005     -0.00406759      0.00076069      0.00154257      0.00162929     -0.02976659      0.06047583     -0.09598839      0.00096821     -0.00491464      0.00240035      0.11435481     -0.97108859      0.39017649      0.00354071      0.01102786      0.01062455      0.00974408      4.05204838      0.09801596      0.00615473     -0.03360778      0.02285961     -0.13288764     -0.79410415     -0.35089944      0.05092533      0.09243582      0.13132288      0.00072933      0.01683633      0.00599161     -0.00085898     -0.00002838     -0.00065271      0.00322685      0.01790195      0.00493415     -0.00046080      0.00069585     -0.00077382      0.00003839     -0.00198390      0.00112512      0.00654047      0.00806552     -0.02118023      0.00151201      0.00155907     -0.00095825     -0.01954181      0.01393169     -0.01821660     -0.00095013      0.00021989     -0.00057390      0.10921811     -0.41354012      0.41350621     -0.00173567      0.00120541     -0.00355803      0.12181402     -0.37269219      0.36459834     -0.00084164      0.00200694     -0.00237173     -3.04485652     -3.21720116      0.76260253      0.00708429      0.00324894     -0.00475116      3.09885179     -3.88657616     -1.38961215     -0.00859757      0.00206659      0.00119409     -0.18406549     -0.30696886     -0.48488515     -0.00029752      0.01476591      0.02133326     -0.15488171     -0.27492048     -0.41206430      0.01434757      0.00937449      0.01449253
     -0.01255166     -0.01944895     -0.03163247     -0.00048976     -0.00068901     -0.00069527     -0.06518948      0.13262257     -0.21174711     -0.00081413      0.00287610     -0.00170843     -0.09150220      0.39763496     -0.91473068     -0.00318692     -0.00878783     -0.00175348     -0.36414216      0.09801596      3.46213409     -0.00267842      0.02428207     -0.01371017     -0.19583813     -0.34260217     -1.09671260     -0.06970177     -0.07357615     -0.20547787     -0.00491395      0.00921114     -0.01092840     -0.00004030      0.00001639      0.00071121     -0.00373982      0.01114231     -0.00545503      0.00044289      0.00002848      0.00056036     -0.00102522      0.00124905     -0.00093824      0.03133009      0.02487321      0.05526014      0.00020254      0.00086797      0.00126041      0.00326245      0.03168106      0.04434180     -0.00024917      0.00016813      0.00137462      0.05347998     -0.16058252      0.14391925      0.00108156      0.00131576     -0.00058397     -0.07239963      0.17339006     -0.20053906      0.00075936      0.00021240      0.00068880      1.22759386      0.76401189     -1.43365131     -0.00870809     -0.00091336     -0.00170441      1.62746760     -1.38527701     -1.85347402     -0.00049209      0.00162911     -0.00107121     -0.11878285     -0.17574761     -0.33724249      0.02230994     -0.03086984      0.06103240      0.03787724      0.04285206      0.07381725      0.00198935     -0.03550624      0.04131498
      0.00008449      0.00010915     -0.00012296     -0.00709193     -0.00860790     -0.00872229     -0.00020702      0.00101058     -0.00032281     -0.03601217      0.05050432     -0.06903878      0.00424844     -0.00281180     -0.00156194     -0.61818569      0.11617123     -0.12050894     -0.00517941      0.00615473     -0.00267842      4.42942143     -0.01855760     -0.34437076     -0.03502922     -0.01769013     -0.06013098     -0.65567296     -0.13271382     -0.19477492      0.00174537      0.00010161     -0.00059750      0.00645686     -0.00558137     -0.00001727     -0.00058633      0.00033809      0.00070017      0.00783617      0.00590000     -0.00762633      0.01161644      0.00930366     -0.01497592      0.00036850      0.00005418      0.00065308      0.00657209      0.01819754     -0.01713998      0.00057442      0.00020033     -0.00003627      0.01624906      0.00071491      0.04236059     -0.00213811      0.00000982      0.00235294     -0.16561277      0.44117265     -0.50711915      0.00254954      0.00339553     -0.00211174      0.13896777     -0.46423521      0.53895550      0.00727154      0.00569766      0.00009099     -5.81002387     -3.02539396      1.29575742      0.00378548     -0.00490294     -0.00855357     -4.83536828      3.13025044      1.55645124      0.00423391     -0.01628918     -0.01614663      0.17597954      0.31410105      0.52190181      0.01503088     -0.01085742      0.04677726     -0.25582894     -0.38437260     -0.64050593
      0.00036894      0.00170120      0.00027866     -0.01022409     -0.02151183     -0.02747364      0.00202487     -0.00314986      0.00651046     -0.01905101      0.09699883     -0.07329299      0.00305516      0.00858285      0.00904278      0.11634139     -0.97074386      0.39958840      0.00533103     -0.03360778      0.02428207     -0.01855760      4.05904140      0.06310174      0.05126780      0.09323168      0.13246544     -0.13358517     -0.81513515     -0.34956914      0.00353122     -0.00185762     -0.00051795     -0.00564311      0.00213430      0.00735917     -0.00010982     -0.00225440     -0.00117783      0.00737794      0.00161142      0.00099790     -0.01438437      0.02671717     -0.04080505     -0.00093292      0.00129570     -0.00232217     -0.00438070      0.00917218     -0.02894407      0.00064106      0.00000732     -0.00268592     -0.01614145      0.01398231     -0.02886210      0.00097457      0.00138084     -0.00243202      0.12640209     -0.40835926      0.43284118     -0.00353460      0.00189996     -0.00168293      0.11896486     -0.36893754      0.38558511      0.00779483      0.00351527     -0.00509795     -3.03760291     -3.23319063      0.82515435     -0.00755857      0.00254684      0.00050926      3.11245634     -3.90232741     -1.31647283      0.00113203      0.01415404      0.02534586     -0.18207275     -0.31226336     -0.48469278      0.01392265      0.00926478      0.01799772     -0.15569608     -0.27892713     -0.41334832
     -0.00028165     -0.00091628     -0.00028813     -0.00820093     -0.02341059     -0.02471158     -0.00118307      0.00219009     -0.00298939     -0.05842986      0.13133981     -0.20531718     -0.00232130     -0.00800872     -0.00081683     -0.12039203      0.39653321     -0.99657595     -0.00180768      0.02285961     -0.01371017     -0.34437076      0.06310174      3.52723556     -0.07418897     -0.07394364     -0.21288512     -0.19605007     -0.34835988     -1.09498854      0.00193984     -0.00025171      0.00017837     -0.00845453      0.00303144     -0.00226821     -0.00039831      0.00022116      0.00076320      0.00099371     -0.00324072     -0.00239906     -0.01178473      0.02560460     -0.01928663      0.00022214      0.00002101      0.00164520      0.02791126      0.02175359      0.05371289     -0.00064017     -0.00013884      0.00204745      0.00367666      0.02744088      0.04004806     -0.00193873      0.00069688     -0.00035001      0.05246607     -0.13799241      0.14730945      0.00405350     -0.00029972      0.00034523     -0.06952449      0.18018141     -0.22114860     -0.00875748     -0.00132851     -0.00238427      1.29353318      0.82288687     -1.47876212     -0.00073114      0.00145062     -0.00137698      1.55462947     -1.32300902     -1.78947091      0.02521111     -0.03451590      0.05751093     -0.11421006     -0.17020821     -0.31841162     -0.00410958     -0.03828564      0.03902981      0.04547299      0.05133149      0.08496576
      0.00473592     -0.00096821     -0.00106715     -0.00039880     -0.00113256     -0.00115342     -0.00547917      0.00551061     -0.00055503      0.00443484      0.00411328     -0.00256901     -0.03567327     -0.01446539     -0.06371208     -0.00819888     -0.01091568     -0.00719594     -0.65562202     -0.13288764     -0.19583813     -0.03502922      0.05126780     -0.07418897      4.42717710     -0.00922905     -0.34020034     -0.61095605      0.11354861     -0.11309157      0.00002162     -0.00310700      0.00088958      0.00065075     -0.00021348      0.00010579     -0.00119586      0.00247473     -0.00150227      0.00051629     -0.00052502      0.00008571     -0.00023839      0.00044564     -0.00188722      0.00833322      0.00599020      0.00076944      0.00067221      0.00117987      0.00310229      0.00706227     -0.00772371     -0.00748336     -0.00042599     -0.00143895     -0.00166740      0.00325718     -0.01325317     -0.01431525      0.00500922     -0.00595683      0.00030330      0.01829531     -0.01219104      0.04361213      0.01084123      0.00719824     -0.00728302     -0.25628756     -0.36719988     -0.64781986      0.00568725      0.01645336     -0.01988768      0.17863141      0.29802801      0.52498116      0.01467138      0.00140773      0.04255670     -4.79163100      3.12787385      1.57069527     -0.15976589      0.43694117     -0.50427641     -5.87678504     -3.02490846      1.26223368      0.13406719     -0.46961244      0.54156124
      0.00178557      0.01053490      0.00452707     -0.00146308     -0.00315243     -0.00358100      0.01389602     -0.02480490      0.04354246     -0.00239776      0.01111898     -0.00832822      0.04789068      0.08004212      0.12493253     -0.00903393     -0.02495144     -0.02503118     -0.13004855     -0.79410415     -0.34260217     -0.01769013      0.09323168     -0.07394364     -0.00922905      4.03884556      0.07458244      0.11426690     -0.97057736      0.40513494     -0.00608153     -0.00747924     -0.00335246     -0.00044983      0.00030808     -0.00015182     -0.00138749     -0.00877691     -0.00404006      0.00063542      0.00107926     -0.00050366     -0.00259426      0.00370495     -0.00791612      0.00132312      0.00364207     -0.01062409      0.00069589      0.00207201      0.00129579     -0.00720778      0.00230263     -0.00712545      0.00049930      0.00254624      0.00186113      0.00138897      0.01419510      0.02941932     -0.00714301      0.00184877      0.00734368      0.01618511      0.00939245      0.01979840      0.00678943      0.00129933      0.00108787     -0.15623456     -0.26551176     -0.41698997     -0.00414967      0.00891809     -0.03064372     -0.18435842     -0.29701604     -0.48528917     -0.01694497      0.01399788     -0.03369549      3.11013309     -3.93390657     -1.34694972      0.12433581     -0.41101607      0.43543150     -3.03984361     -3.19710847      0.78750953      0.11393335     -0.36626821      0.37951521
