      4.35627521      0.12608774     -0.12463602      0.00036465     -0.00051929     -0.00027414     -0.62923817      0.12967835     -0.14019178      0.00025265      0.00030316     -0.00012103     -0.03218059      0.05747950     -0.07405216      0.00011557     -0.00031022     -0.00018942     -0.00661292     -0.00957374     -0.00930885      0.00014893      0.00065110     -0.00029453      0.00336936      0.00435248     -0.00310591     -0.00074283     -0.00105999     -0.00116168     -5.09326913      3.31155762      1.59232024     -0.00068794      0.00023284     -0.00008776     -5.92592570     -3.19076711      1.45078416     -0.00075902     -0.00034584      0.00025414     -1.85909276     -1.17239745     -1.84430106      0.00107928     -0.00100262     -0.00131652      0.16969958     -0.45743902      0.53552673     -0.00056829     -0.00059270     -0.00009208     -0.15003937      0.42188798     -0.50293252      0.00165882     -0.00048385     -0.00054673      0.02040792     -0.00523614      0.03606923      0.00013267     -0.00012643     -0.00020163      0.00967291      0.02385973     -0.01144957      0.00052399     -0.00048844     -0.00020143      0.00937064      0.00597082     -0.00896868      0.00008972     -0.00034009      0.00003338      0.00479767     -0.00929485     -0.00146965      0.00058482     -0.00044326     -0.00039058      0.00005536      0.00019873     -0.00019651     -0.00035854     -0.00026561      0.00107960      0.00088836     -0.00037428     -0.00023872
      0.12608774      4.06904138      0.41691659     -0.00115182     -0.00041305     -0.00028764      0.13339089     -0.98844737      0.43451264     -0.00017803      0.00073130      0.00005802     -0.01873639      0.08726998     -0.06774899     -0.00034571     -0.00064108     -0.00016858     -0.01082019     -0.01881947     -0.02401330      0.00022803      0.00135077     -0.00051983     -0.00130188      0.01062970     -0.00703022     -0.00100652     -0.00290156     -0.00263653      3.30141090     -3.95194584     -1.34653153     -0.00033857      0.00101278      0.00073497     -3.20772418     -3.33135419      0.95854347     -0.00020587      0.00198406      0.00019742     -1.14737426     -2.97666292     -2.98490869      0.00390620      0.00046327     -0.00163897      0.15489316     -0.35736316      0.39081230      0.00217943      0.00168168      0.00006725      0.11585777     -0.39263018      0.45478936     -0.00324273      0.00105508      0.00099894     -0.01832714      0.02191164     -0.02191957      0.00023294      0.00075118      0.00007512      0.00182104      0.01314535     -0.02394666      0.00105041      0.00169980      0.00012150      0.00467351      0.00209850     -0.00124113      0.00024404      0.00138367     -0.00001191     -0.00637934      0.00059894      0.00653403     -0.00032111      0.00146853      0.00110089     -0.00094703      0.00118251      0.00094770      0.00008481      0.00039852      0.00260534      0.00082472      0.00144910      0.00012668
     -0.12463602      0.41691659      3.97594325     -0.00033240     -0.00071053     -0.00028532     -0.14127910      0.42049021     -1.04504671     -0.00004269      0.00066059      0.00006547     -0.06267064      0.14298519     -0.20590418      0.00001659     -0.00078742     -0.00006454     -0.01152199     -0.02628732     -0.02640590     -0.00019186      0.00139909     -0.00044069     -0.00011051      0.01223727     -0.00193073     -0.00109308     -0.00344262     -0.00325069      1.58128852     -1.34667131     -1.79711361     -0.00087632      0.00005182      0.00125823      1.46046270      0.96752990     -1.59642745     -0.00203679     -0.00099125      0.00040080     -1.85706643     -3.03315826     -6.01790554      0.00249143      0.00006360     -0.00201739     -0.07408993      0.17959535     -0.21130526     -0.00227896     -0.00035678      0.00030420      0.04987147     -0.14569498      0.17587677      0.00281466     -0.00077332      0.00056191      0.00871781      0.02472381      0.04335906     -0.00084323     -0.00021792      0.00053913      0.02142935      0.01540103      0.05425844     -0.00044079     -0.00051625      0.00015805      0.00075381     -0.00200842     -0.00315176     -0.00096932     -0.00036086      0.00055680     -0.00971812      0.00540942      0.00240539     -0.00004023     -0.00099619      0.00036755     -0.00095167      0.00008911      0.00146564     -0.00254840     -0.00197615      0.00102119      0.00014956     -0.00088671      0.00022626
      0.00036465     -0.00115182     -0.00033240      4.35707588      0.13961218     -0.12259030      0.00026301     -0.00016984     -0.00031676     -0.62886341      0.12632941     -0.14040126      0.00018054     -0.00033109     -0.00019349     -0.03139702      0.05284819     -0.07463485      0.00023859      0.00071227     -0.00038363     -0.00678687     -0.00988677     -0.00752199     -0.00055471     -0.00148725     -0.00111987      0.00421553      0.00406127     -0.00330278     -0.00172710      0.00059099      0.00001797     -5.14591923      3.29195869      1.55858247     -0.00193858     -0.00230996      0.00034160     -5.88486404     -3.21309604      1.42929780     -0.00033106      0.00232996      0.00217383     -1.82331847     -1.11643257     -1.80643360      0.00418766      0.00071194     -0.00016563      0.17154761     -0.44381061      0.53928965     -0.00188383      0.00150406      0.00126398     -0.15402127      0.42217093     -0.51602281      0.00042999      0.00028629     -0.00034326      0.02048490     -0.00456457      0.03837698      0.00092109      0.00000825     -0.00039565      0.00743819      0.02146413     -0.01331831     -0.00126373     -0.00073962      0.00021136      0.00900410      0.00634852     -0.00921705      0.00095360     -0.00134928     -0.00032369      0.00500518     -0.00663164      0.00078118     -0.00008718     -0.00189493     -0.00154302      0.00043797      0.00086316     -0.00031066     -0.00067970      0.00101470      0.00289729
     -0.00051929     -0.00041305     -0.00071053      0.13961218      4.07166445      0.41303330     -0.00073556      0.00022853     -0.00011819      0.12960269     -0.97313425      0.42823676     -0.00122759     -0.00075240     -0.00034887     -0.02041029      0.08781894     -0.07452426     -0.00069336      0.00123915     -0.00093036     -0.00897905     -0.02164735     -0.02267822     -0.00168395     -0.00355968     -0.00219500     -0.00185695      0.00942040     -0.00864355     -0.00056371     -0.00035844      0.00050956      3.31736414     -3.91386309     -1.30594864     -0.00074345      0.00106102      0.00047382     -3.22063805     -3.37063869      0.95472535     -0.00061962      0.00006864     -0.00094201     -1.12941496     -3.04687350     -3.02721753      0.00360734      0.00103009     -0.00010351      0.15517431     -0.35393985      0.39952807     -0.00056252     -0.00012198      0.00077903      0.11094723     -0.37856996      0.45134791     -0.00333444      0.00017539      0.00007264     -0.01924607      0.02132765     -0.02562952     -0.00002434      0.00122043     -0.00007051      0.00070749      0.01236775     -0.02498468      0.00064364      0.00126825     -0.00037723      0.00589099      0.00148283      0.00025824     -0.00100425     -0.00015185      0.00011823     -0.00656404      0.00221322      0.00576097      0.00040949      0.00213789      0.00296816      0.00018098     -0.00024809     -0.00027463     -0.00040357      0.00021539      0.00135624
     -0.00027414     -0.00028764     -0.00028532     -0.12259030      0.41303330      3.98329047      0.00091086      0.00095472     -0.00011645     -0.14085485      0.41847409     -1.04885599      0.00060478     -0.00065182      0.00001198     -0.06367038      0.13989822     -0.21654909      0.00046308      0.00165136     -0.00060054     -0.00904325     -0.02725990     -0.02368505     -0.00167347     -0.00333702     -0.00262282     -0.00154865      0.01181676     -0.00395612      0.00107123     -0.00004166      0.00069218      1.55324853     -1.29979477     -1.76132705      0.00052371     -0.00000555      0.00090343      1.43074226      0.96078994     -1.58409172     -0.00120225      0.00158215     -0.00140674     -1.80388491     -3.04456210     -6.02050136      0.00188947      0.00095102      0.00060395     -0.07122830      0.17308525     -0.20987932      0.00000455      0.00062933      0.00072851      0.04942343     -0.13626014      0.17195562      0.00288092      0.00106469      0.00082436      0.00413212      0.03196825      0.04240811      0.00059331      0.00115968      0.00032958      0.02237444      0.01948820      0.05282178     -0.00070610      0.00093000      0.00107843      0.00197302     -0.00226538     -0.00175802      0.00075185     -0.00008116      0.00054972     -0.00799555      0.00588658     -0.00162130      0.00243159      0.00052820      0.00126987      0.00112022      0.00114599      0.00077143     -0.00110563      0.00102146      0.00039735
     -0.62923817      0.13339089     -0.14127910      0.00026301     -0.00073556      0.00091086      4.44399477     -0.01789015     -0.36086035     -0.00022270      0.00015718     -0.00063066     -0.67274420     -0.13536722     -0.20826596      0.00038029      0.00012134     -0.00022675     -0.03622397     -0.01679514     -0.06068785     -0.00007890      0.00055906     -0.00063588      0.00098330      0.00386057     -0.00705750      0.00205793     -0.00169083     -0.00087765     -0.15200797      0.43634565     -0.51293543     -0.00079108      0.00158173      0.00034115      0.17094519     -0.47694194      0.53779341     -0.00107223     -0.00105085      0.00018306     -0.10142908      0.20020071     -0.17661989      0.00099736      0.00012426      0.00322301     -5.86861986     -3.05471624      1.31631627      0.00068518     -0.00002220     -0.00028409     -4.75323045      3.09270640      1.66389190     -0.00235291      0.00106408      0.00018255      0.18815582      0.29041247      0.51263750     -0.00071201      0.00035744     -0.00031572     -0.27415482     -0.37283251     -0.65369398      0.00131270     -0.00010541     -0.00057067      0.01701872     -0.01045527      0.04499819     -0.00053378     -0.00040583     -0.00019217      0.00318410     -0.01326157     -0.02062228      0.00093763     -0.00019687     -0.00090311     -0.00047319     -0.00060216      0.00137513     -0.00236896      0.00682718      0.00228053     -0.00001689      0.00173347     -0.00098840
      0.12967835     -0.98844737      0.42049021     -0.00016984      0.00022853      0.00095472     -0.01789015      4.09217270      0.03436344      0.00013082     -0.00104298      0.00024289     -0.13859818     -0.80461454     -0.34370355      0.00160303      0.00163836      0.00132388      0.06347641      0.09027113      0.14331755      0.00055219     -0.00498844      0.00237689      0.00171945     -0.03799938      0.02249276      0.00427871      0.01024805      0.01187232      0.11057508     -0.40388248      0.42011054     -0.00341241      0.00067929     -0.00000900      0.13168780     -0.36844217      0.36652164      0.00323985      0.00110532     -0.00080239     -0.10621245      0.29939305     -0.36123609      0.00180198     -0.00036440      0.00025057     -3.06789707     -3.24592676      0.83070034      0.00048260      0.00035924     -0.00026580      3.12166815     -3.94918226     -1.45067224      0.00038475     -0.00057390     -0.00029887     -0.19998044     -0.29841026     -0.48287746     -0.00100144      0.00042655     -0.00013381     -0.16196199     -0.26993022     -0.41318149      0.00256632      0.00068316     -0.00073914      0.01618560      0.00608011      0.01810991      0.00072386      0.00099280     -0.00045507      0.00321358      0.02164083      0.03162926     -0.00087079      0.00043338      0.00022128      0.00021894      0.00143690     -0.00442899      0.00896555      0.00580227      0.00113671      0.00078173      0.00213670     -0.00138390
     -0.14019178      0.43451264     -1.04504671     -0.00031676     -0.00011819     -0.00011645     -0.36086035      0.03436344      3.56243795     -0.00059019      0.00023244     -0.00016536     -0.21389816     -0.34231909     -1.11318799     -0.00004705     -0.00064489     -0.00067602     -0.07774025     -0.05981510     -0.20178077     -0.00010776      0.00196407     -0.00134384     -0.00107937      0.01856908     -0.01713909     -0.00502549     -0.00656261     -0.00066923      0.05219769     -0.16769423      0.17976632      0.00259229     -0.00148343     -0.00076690     -0.07362696      0.16442242     -0.20678972     -0.00353135     -0.00117625     -0.00039723     -0.13684266      0.52594599     -0.49454847     -0.00185316     -0.00001667     -0.00042556      1.31924866      0.83072251     -1.49139687      0.00021622     -0.00011724     -0.00024429      1.66131829     -1.43281185     -1.89419186     -0.00142856      0.00011968      0.00036303     -0.13544194     -0.17121677     -0.33832630     -0.00204142     -0.00043152     -0.00036762      0.05272239      0.04698694      0.08547708      0.00156377     -0.00059540     -0.00036586     -0.00024370     -0.03583101      0.03450131     -0.00051433      0.00059600      0.00002263      0.03063350     -0.04594410      0.04893493     -0.00030567      0.00010324      0.00066250     -0.00147713      0.00224651     -0.00189334     -0.00068582     -0.00341053     -0.00597994      0.00175205     -0.00087772      0.00029771
      0.00025265     -0.00017803     -0.00004269     -0.62886341      0.12960269     -0.14085485     -0.00022270      0.00013082     -0.00059019      4.45452902     -0.01167832     -0.36043220      0.00050863     -0.00008032      0.00006302     -0.65925106     -0.13557594     -0.19719587     -0.00056589      0.00078241     -0.00027207     -0.03415121     -0.01804293     -0.05452687      0.00333179     -0.00280109     -0.00042034     -0.00405204      0.00608918     -0.00235924      0.00096065     -0.00061752     -0.00051978     -0.15480891      0.43922013     -0.51918240      0.00011222     -0.00084544     -0.00016359      0.17087042     -0.46900669      0.53988046      0.00024758      0.00092856      0.00001964     -0.09935842      0.19905016     -0.16833907     -0.00035837     -0.00015954     -0.00048819     -5.82547044     -3.08428211      1.27896887     -0.00077646     -0.00010939     -0.00069663     -4.91565501      3.14294200      1.61359413     -0.00178513      0.00045316     -0.00007530      0.17027448      0.32120290      0.52018234      0.00040392      0.00009860     -0.00035492     -0.25693044     -0.39784246     -0.64412732      0.00128903     -0.00020734     -0.00011596      0.01768130     -0.00689440      0.04529476      0.00044758     -0.00034361      0.00022897      0.00323632     -0.01334012     -0.01275365      0.00706291     -0.00953747     -0.00449081      0.00018268      0.00101149     -0.00135763      0.00937156      0.00554133     -0.00097073
      0.00030316      0.00073130      0.00066059      0.12632941     -0.97313425      0.41847409      0.00015718     -0.00104298      0.00023244     -0.01167832      4.09413144      0.04104416      0.00058967      0.00196701      0.00110690     -0.13117961     -0.82240942     -0.34913577      0.00080731     -0.00456450      0.00304650      0.04891308      0.09785435      0.12719852      0.00548489      0.01222983      0.00976056      0.00504644     -0.03329511      0.02703406      0.00018503     -0.00059416     -0.00044134      0.11582402     -0.40092267      0.41715027     -0.00295363      0.00114160     -0.00001886      0.12529459     -0.37114461      0.37483342      0.00051145      0.00057296      0.00167784     -0.10722441      0.30054848     -0.36500458      0.00208696      0.00164177      0.00040032     -3.11451792     -3.32425863      0.82527114      0.00041299      0.00043126      0.00054654      3.13818843     -3.88751646     -1.35395727     -0.00102440      0.00039073      0.00023606     -0.17843130     -0.32359452     -0.49125767     -0.00051495      0.00144636     -0.00000427     -0.15609591     -0.29072857     -0.41341336      0.00202776      0.00189188      0.00003706      0.01130822      0.00798179      0.01710155     -0.00120408      0.00068510     -0.00023688      0.00233824      0.01430091      0.01916809     -0.01027600      0.00160206      0.00062183     -0.00257363     -0.00006931     -0.00143837      0.00696688      0.00345046     -0.00187889
     -0.00012103      0.00005802      0.00006547     -0.14040126      0.42823676     -1.04885599     -0.00063066      0.00024289     -0.00016536     -0.36043220      0.04104416      3.51875133     -0.00154415     -0.00080076     -0.00037514     -0.19706811     -0.36298125     -1.10977134     -0.00080993      0.00261658     -0.00142639     -0.06693357     -0.07683941     -0.20150494     -0.00326806     -0.00883187     -0.00104877     -0.00198924      0.02261015     -0.01488067      0.00103414     -0.00095200     -0.00011271      0.05083757     -0.15643413      0.17011393      0.00097750     -0.00073924      0.00081733     -0.07292528      0.16230582     -0.20593422     -0.00100537      0.00089830      0.00103978     -0.13345888      0.52302189     -0.49016542     -0.00305551      0.00045126      0.00048186      1.29024192      0.82545127     -1.47339877     -0.00089306      0.00049213      0.00159047      1.60126091     -1.34561751     -1.82336823     -0.00097764      0.00024892      0.00083178     -0.11432649     -0.17305098     -0.32125259     -0.00212907      0.00000040      0.00055506      0.04898701      0.04923600      0.07900062      0.00252546      0.00113574      0.00131227     -0.00190174     -0.03404393      0.04091447     -0.00058216      0.00040271      0.00184414      0.02203390     -0.02869687      0.05779378      0.00089267      0.00245996     -0.00152343      0.00119058      0.00084691      0.00019217     -0.00792003     -0.00063119     -0.00367131
     -0.03218059     -0.01873639     -0.06267064      0.00018054     -0.00122759      0.00060478     -0.67274420     -0.13859818     -0.21389816      0.00050863      0.00058967     -0.00154415      4.43048693     -0.01371437     -0.36520088      0.00001574     -0.00043355     -0.00063316     -0.61234783      0.10427342     -0.12207699      0.00467039      0.00433354     -0.00254438     -0.03495133      0.06738527     -0.07404420     -0.00308742     -0.01083702     -0.00905538      0.00264982     -0.02106879     -0.01542769     -0.00203044      0.00115077      0.00063548      0.02447776     -0.00538587      0.04924964      0.00235332      0.00046360     -0.00018593      0.00284837      0.01717696     -0.01472567     -0.00065100     -0.00261777     -0.00180015     -0.27456309     -0.38113940     -0.64929926      0.00028896     -0.00110919     -0.00034264      0.18339652      0.30572791      0.51443636     -0.00141010      0.00101092     -0.00061353     -4.70658567      3.11378678      1.68680152      0.00104326     -0.00126194     -0.00069947     -5.93848323     -2.99394481      1.30449043     -0.00281956     -0.00253069      0.00108564      0.14662147     -0.47811528      0.51092442     -0.00045521      0.00110272      0.00270388     -0.16237770      0.43715604     -0.41965084      0.00054698     -0.00132114     -0.00197871      0.00325981     -0.00742347      0.00613496      0.01133551      0.02628523     -0.00530582      0.01043735      0.00860765     -0.01076939
      0.05747950      0.08726998      0.14298519     -0.00033109     -0.00075240     -0.00065182     -0.13536722     -0.80461454     -0.34231909     -0.00008032      0.00196701     -0.00080076     -0.01371437      4.07996734      0.09726840     -0.00095034     -0.00386943     -0.00269491      0.09418794     -0.99237204      0.39372697     -0.00037219      0.00981285     -0.00736153     -0.00818144      0.09308366     -0.05766892     -0.01157029     -0.02039551     -0.02571989     -0.00212986      0.01900081      0.02064313     -0.00119649      0.00094780     -0.00002190      0.01601932      0.01433142      0.01089417      0.00103284      0.00144346     -0.00028770      0.04867089     -0.07963108      0.14409757     -0.00013907      0.00078144     -0.00323732     -0.16638745     -0.27295895     -0.41516151      0.00215164      0.00131516     -0.00069033     -0.19415810     -0.31563780     -0.49324032     -0.00139366      0.00079218      0.00036565      3.10589496     -3.98252818     -1.48294962      0.00039988     -0.00041480     -0.00073660     -3.02181712     -3.14380755      0.80108842      0.00086154      0.00091666     -0.00025510      0.11694318     -0.34346024      0.32641168      0.00097916      0.00148888      0.00107285      0.14911457     -0.45817349      0.44776932     -0.00140987      0.00170166      0.00059372     -0.00427783      0.00225418      0.00291391     -0.01561485      0.01650803     -0.03300283      0.00963823      0.00050534      0.00080082
     -0.07405216     -0.06774899     -0.20590418     -0.00019349     -0.00034887      0.00001198     -0.20826596     -0.34370355     -1.11318799      0.00006302      0.00110690     -0.00037514     -0.36520088      0.09726840      3.53141468     -0.00232902     -0.00269323     -0.00225357     -0.12282042      0.41434194     -0.93715085     -0.00197118      0.00839066     -0.00086336     -0.06127279      0.13306315     -0.21829760     -0.01359698     -0.01955694     -0.01252533      0.02582947     -0.03067587      0.06228890     -0.00122132      0.00010108      0.00074989     -0.00030265     -0.03933426      0.04257802      0.00014758     -0.00028891     -0.00013590     -0.02172659      0.06332459     -0.05767462     -0.00043487      0.00016697     -0.00066846      0.04369319      0.05055398      0.08987876      0.00212036      0.00001669      0.00062577     -0.13408351     -0.18893238     -0.34845377     -0.00173932     -0.00033125      0.00063306      1.66663721     -1.47224529     -1.92712489     -0.00111097     -0.00004686      0.00038734      1.31205679      0.80815977     -1.47114305      0.00050216     -0.00035761      0.00019945     -0.06070882      0.17151438     -0.20530233     -0.00299549     -0.00057630      0.00008549      0.06442262     -0.15537585      0.14408107      0.00418644     -0.00041911      0.00083786     -0.00755079      0.01101958     -0.00045461      0.05345225      0.01721868      0.05353938     -0.00042936     -0.00269617     -0.00058666
      0.00011557     -0.00034571      0.00001659     -0.03139702     -0.02041029     -0.06367038      0.00038029      0.00160303     -0.00004705     -0.65925106     -0.13117961     -0.19706811      0.00001574     -0.00095034     -0.00232902      4.43480088     -0.00838590     -0.31785643      0.00404239      0.00261876     -0.00272081     -0.61481490      0.10685742     -0.11546208     -0.00339728     -0.00914482     -0.00813791     -0.03020986      0.04502708     -0.07323624     -0.00075172     -0.00009697     -0.00060218      0.00269974     -0.02068089     -0.01957497     -0.00022597     -0.00015449     -0.00038179      0.02372276     -0.00460832      0.04845787     -0.00000278      0.00119054     -0.00044398      0.00061702      0.01614479     -0.01741697     -0.00175969     -0.00117231      0.00074947     -0.25883905     -0.39083512     -0.64129748      0.00265679     -0.00113858     -0.00083802      0.17879587      0.31795634      0.52957097     -0.00179543      0.00164566     -0.00080906     -4.80511515      3.13915962      1.47648990     -0.00199833     -0.00134887     -0.00099966     -5.87412080     -3.00621583      1.27757925      0.00002434      0.00149046      0.00130154      0.13368334     -0.46049886      0.55775149     -0.00244721     -0.00054620     -0.00169144     -0.14963478      0.42397715     -0.51483696      0.01521925      0.00880241      0.04487750     -0.00386123      0.00873510     -0.00296811      0.00053867      0.01654972     -0.01821254
     -0.00031022     -0.00064108     -0.00078742      0.05284819      0.08781894      0.13989822      0.00012134      0.00163836     -0.00064489     -0.13557594     -0.82240942     -0.36298125     -0.00043355     -0.00386943     -0.00269323     -0.00838590      4.06499617      0.05723753     -0.00336366      0.01080332     -0.00941767      0.10664865     -0.96326766      0.40338979     -0.01399852     -0.02935653     -0.02203956     -0.01720475      0.09811381     -0.08895735      0.00248544     -0.00059792      0.00035617     -0.00203389      0.01904603      0.02668826     -0.00103127      0.00074436      0.00068209      0.01740575      0.01338251      0.01377600     -0.00006495      0.00048485     -0.00185348      0.04775838     -0.08501485      0.14462710      0.00171386      0.00090679     -0.00005762     -0.15890732     -0.28474977     -0.42139690      0.00175912      0.00034238      0.00114487     -0.18163344     -0.31575199     -0.48230150     -0.00121148      0.00053840     -0.00006799      3.16196470     -3.96547527     -1.27371564      0.00021331      0.00178654      0.00019964     -3.01032638     -3.16537094      0.80412519      0.00128760      0.00206511      0.00079502      0.11123975     -0.35461190      0.38340979      0.00295855      0.00153415      0.00386236      0.11147723     -0.39828455      0.44717724     -0.01848277      0.02001531     -0.03625405      0.00831206      0.00583426     -0.00380458     -0.00351663      0.00656201     -0.02991535
     -0.00018942     -0.00016858     -0.00006454     -0.07463485     -0.07452426     -0.21654909     -0.00022675      0.00132388     -0.00067602     -0.19719587     -0.34913577     -1.10977134     -0.00063316     -0.00269491     -0.00225357     -0.31785643      0.05723753      3.55934451      0.00215807      0.00948877     -0.00317167     -0.11073806      0.39436194     -1.01151387     -0.01470051     -0.02044198     -0.02293800     -0.05281512      0.12157236     -0.21796029     -0.00193138     -0.00003604     -0.00027385      0.02614007     -0.03279770      0.06347162     -0.00130359     -0.00008683      0.00040762      0.00071669     -0.03851206      0.04302504     -0.00023711      0.00103478     -0.00043555     -0.02409945      0.05600056     -0.06707442     -0.00105333      0.00040868      0.00071588      0.03992685      0.05305838      0.08440483      0.00304513     -0.00039391      0.00079332     -0.11455800     -0.17588234     -0.32084339     -0.00315628      0.00136235      0.00075244      1.48066672     -1.27370952     -1.71954040      0.00084657      0.00031274      0.00012411      1.26970448      0.80265582     -1.46765961     -0.00261008     -0.00036513      0.00192418     -0.06502821      0.18370373     -0.22656086     -0.00006071     -0.00115173     -0.00016190      0.04301960     -0.12278111      0.14666845     -0.00501469      0.04117260      0.03555504      0.00074631      0.00170965     -0.00379631      0.02451446      0.02174363      0.05110281
     -0.00661292     -0.01082019     -0.01152199      0.00023859     -0.00069336      0.00046308     -0.03622397      0.06347641     -0.07774025     -0.00056589      0.00080731     -0.00080993     -0.61234783      0.09418794     -0.12282042      0.00404239     -0.00336366      0.00215807      3.94020563      0.15833793     -0.13501503      0.00527358      0.00359472      0.00288310     -0.63162352     -0.25084732     -0.37340973     -0.02443666     -0.01270526     -0.05685222      0.00517693     -0.00613635      0.00124132     -0.00018255      0.00016706     -0.00026416      0.00664849      0.00510609     -0.00859729      0.00140237     -0.00001739     -0.00030206      0.01135037      0.01366165     -0.01688664     -0.00003928     -0.00136572     -0.00055802      0.01043370      0.01879945     -0.01247253     -0.00121845     -0.00154057      0.00071686      0.01570509     -0.00347947      0.03636548      0.00298994     -0.00110158     -0.00011480     -0.14497341      0.41778358     -0.47622379     -0.00188194      0.00189126     -0.00075459      0.14562858     -0.47860856      0.52450571     -0.00022679      0.00080944     -0.00050918     -5.72147748     -2.81629545      1.27205817      0.00581123      0.00589842     -0.00402292     -3.63160010      2.93366273      1.67881571     -0.00087073     -0.00375856     -0.00646955      0.04597549     -0.02570331      0.02495294      0.06778983     -0.21674587     -0.36061728      0.03204934      0.00484539      0.02389668
     -0.00957374     -0.01881947     -0.02628732      0.00071227      0.00123915      0.00165136     -0.01679514      0.09027113     -0.05981510      0.00078241     -0.00456450      0.00261658      0.10427342     -0.99237204      0.41434194      0.00261876      0.01080332      0.00948877      0.15833793      3.75412072     -0.07724239      0.00110756     -0.02965919      0.01980662     -0.23826425     -0.81254933     -0.25187258      0.04839819      0.12701137      0.12095505     -0.00520261      0.00092961      0.00798469     -0.00023078      0.00119871      0.00059181      0.00664159      0.00176642      0.00181200      0.00096948      0.00172094     -0.00022463     -0.01297970      0.02254214     -0.03792501      0.00106786     -0.00121667      0.00163748     -0.00236280      0.00896079     -0.02837534      0.00149415      0.00165822     -0.00029496     -0.01640722      0.01691354     -0.03274232      0.00009326      0.00019910     -0.00061327      0.10051105     -0.39020724      0.43808628     -0.00046146      0.00063353     -0.00081428      0.13647307     -0.36352264      0.36710281      0.00030337      0.00183869     -0.00186671     -2.86368730     -2.74406507      0.89165941      0.00849226      0.00243175     -0.00174134      2.71195728     -3.77552793     -1.60259368     -0.00424997      0.00028313      0.00172814     -0.00966267     -0.00618739     -0.01835259     -0.21253127     -0.15710995     -0.52376155      0.00397449     -0.01940789      0.00373873
     -0.00930885     -0.02401330     -0.02640590     -0.00038363     -0.00093036     -0.00060054     -0.06068785      0.14331755     -0.20178077     -0.00027207      0.00304650     -0.00142639     -0.12207699      0.39372697     -0.93715085     -0.00272081     -0.00941767     -0.00317167     -0.13501503     -0.07724239      3.54603194     -0.00034940      0.02514575     -0.01064880     -0.40740598     -0.32666846     -1.27910519     -0.06244305     -0.06269460     -0.18423672     -0.01017755      0.00215197     -0.00215014     -0.00049683     -0.00041941      0.00078962      0.00139296     -0.00339106     -0.00182421      0.00099102     -0.00034357      0.00043749     -0.01186925      0.03004915     -0.02346350     -0.00064384      0.00048385     -0.00181963      0.02573929      0.01844161      0.05163121     -0.00059224      0.00011623      0.00112629      0.00596165      0.02851595      0.03576110      0.00046028     -0.00054445      0.00102432      0.05610044     -0.13758318      0.16160979      0.00260786     -0.00038656      0.00175892     -0.06706729      0.19379828     -0.22437333      0.00004391     -0.00122060      0.00118335      1.38129623      1.01962068     -1.49250966     -0.00899580     -0.00457344     -0.00326978      1.39892554     -1.38268272     -1.79561249      0.00142299     -0.00330948     -0.00685584      0.00638634     -0.04210600      0.04157401      0.00635658      0.11966332      0.08940756     -0.01272976     -0.04840146      0.03308720
      0.00014893      0.00022803     -0.00019186     -0.00678687     -0.00897905     -0.00904325     -0.00007890      0.00055219     -0.00010776     -0.03415121      0.04891308     -0.06693357      0.00467039     -0.00037219     -0.00197118     -0.61481490      0.10664865     -0.11073806      0.00527358      0.00110756     -0.00034940      4.45687779     -0.03001365     -0.34659544     -0.03455422     -0.00675662     -0.06181312     -0.63423408     -0.15967692     -0.17867908      0.00178398     -0.00053029     -0.00094915      0.00655630     -0.00602028     -0.00019181     -0.00043703     -0.00053067     -0.00065146      0.00738488      0.00575983     -0.00831096      0.00028172      0.00160018      0.00003419      0.01148031      0.00860075     -0.01539651      0.00037277      0.00027416     -0.00066931      0.00649477      0.01764958     -0.01837693      0.00043797      0.00031666     -0.00072718      0.01516781     -0.00163290      0.03926007     -0.00076216     -0.00086046      0.00094420     -0.15436271      0.44137378     -0.51170128      0.00067711      0.00210369     -0.00280481      0.13264295     -0.46562432      0.55191833      0.01070709      0.00651316      0.00249669     -5.94830466     -2.99093639      1.34309084     -0.00072695     -0.00934409     -0.01116178     -4.87954824      3.22489174      1.44194541      0.13275323      0.32252314      0.46978211      0.00295596      0.00171845      0.04579155     -0.23690350     -0.38663479     -0.61818058
      0.00065110      0.00135077      0.00139909     -0.00988677     -0.02164735     -0.02725990      0.00055906     -0.00498844      0.00196407     -0.01804293      0.09785435     -0.07683941      0.00433354      0.00981285      0.00839066      0.10685742     -0.96326766      0.39436194      0.00359472     -0.02965919      0.02514575     -0.03001365      4.09089059      0.06243696      0.05183262      0.09667920      0.11269188     -0.15416911     -0.83101741     -0.34338304      0.00446219     -0.00078612     -0.00027250     -0.00591681      0.00249200      0.00743565      0.00018380      0.00087477     -0.00060191      0.00721385      0.00134525      0.00091501      0.00132787     -0.00195497      0.00325445     -0.01429721      0.02703663     -0.04089065      0.00018202      0.00072552     -0.00059104     -0.00362258      0.00961727     -0.02674812      0.00103265     -0.00090631     -0.00062803     -0.01369799      0.01313809     -0.02907796      0.00122288      0.00020563     -0.00159144      0.11964840     -0.41741604      0.45143241     -0.00320573      0.00179938     -0.00195594      0.11060401     -0.35772103      0.38291788      0.00709811      0.00159620     -0.00539783     -3.01174047     -3.13484653      0.82871693     -0.00504093      0.00321167      0.00184777      3.22237262     -4.05244535     -1.23749034     -0.17908154     -0.35308337     -0.52296119      0.01013418      0.01700348      0.02464295     -0.12053346     -0.26334106     -0.36733109
     -0.00029453     -0.00051983     -0.00044069     -0.00752199     -0.02267822     -0.02368505     -0.00063588      0.00237689     -0.00134384     -0.05452687      0.12719852     -0.20150494     -0.00254438     -0.00736153     -0.00086336     -0.11546208      0.40338979     -1.01151387      0.00288310      0.01980662     -0.01064880     -0.34659544      0.06243696      3.49912005     -0.07642313     -0.08468629     -0.22172201     -0.17816156     -0.36675707     -1.07307467      0.00249479     -0.00095385      0.00019476     -0.00843169      0.00244935     -0.00196750     -0.00031032     -0.00047232      0.00055757      0.00084440     -0.00332463     -0.00280747     -0.00004514      0.00070284     -0.00083119     -0.01077286      0.02463514     -0.01730835     -0.00050252      0.00007838      0.00105239      0.02741022      0.02202293      0.05414728     -0.00025319     -0.00022651      0.00120028      0.00547336      0.02536009      0.04069755     -0.00093035      0.00038964     -0.00003919      0.04759983     -0.12483645      0.13097090      0.00384449     -0.00017524      0.00070853     -0.06458227      0.17947765     -0.22280500     -0.00850897     -0.00202105     -0.00269426      1.33335938      0.81307793     -1.48495282      0.00246423     -0.00363298      0.00080594      1.45512221     -1.25207574     -1.69393642     -0.09471268     -0.17373512     -0.27472078     -0.01823136     -0.03746416      0.06108814      0.04032676      0.06825320      0.09823068
      0.00336936     -0.00130188     -0.00011051     -0.00055471     -0.00168395     -0.00167347      0.00098330      0.00171945     -0.00107937      0.00333179      0.00548489     -0.00326806     -0.03495133     -0.00818144     -0.06127279     -0.00339728     -0.01399852     -0.01470051     -0.63162352     -0.23826425     -0.40740598     -0.03455422      0.05183262     -0.07642313      1.73504238      1.31616682      0.82624605     -0.49196887     -0.02822063     -0.16409985      0.00007067     -0.00095154      0.00093740     -0.00050800     -0.00022177      0.00060053     -0.00131848      0.00050560     -0.00234724     -0.00033464     -0.00085042      0.00010929      0.00063730      0.00159826     -0.00025291     -0.00123255      0.00084678     -0.00163667      0.00359532      0.00447785      0.00179988     -0.00059792      0.00038675      0.00303280     -0.00186648     -0.00916807     -0.01165164      0.00009130     -0.00214532     -0.00340086      0.02052019     -0.02289798      0.01739729      0.00027149     -0.00878018      0.00950470      0.01329303     -0.00870142      0.03510617      0.00658544      0.00795996     -0.00774495     -0.19735100     -0.37001200     -0.57787749      0.01443673      0.02311626     -0.00459213      0.28700741      0.04598357      0.24151433      0.00893321      0.00374943      0.00642292     -0.01042865      0.33710837     -0.46229155     -2.20032008     -3.41852121     -0.05523821      0.18556955     -0.35478934      0.48156396
      0.00435248      0.01062970      0.01223727     -0.00148725     -0.00355968     -0.00333702      0.00386057     -0.03799938      0.01856908     -0.00280109      0.01222983     -0.00883187      0.06738527      0.09308366      0.13306315     -0.00914482     -0.02935653     -0.02044198     -0.25084732     -0.81254933     -0.32666846     -0.00675662      0.09667920     -0.08468629      1.31616682      4.24908363     -0.38453736      0.01169204     -0.97010086      0.50875928     -0.00266681      0.00192009     -0.00535171     -0.00161655      0.00119618      0.00034160     -0.00267064      0.00269067     -0.00249963      0.00036064      0.00164729     -0.00041727      0.00498151     -0.01063643      0.01670968     -0.00286781      0.00367596     -0.00818359      0.00841364      0.00406304     -0.00638324      0.00003627      0.00252067      0.00232453     -0.00961409      0.00430860      0.00734493      0.00101182      0.00298247      0.00392669      0.00281174      0.01542479      0.01704053     -0.01111287      0.00414316      0.00316103      0.00954578      0.01210343      0.02956449      0.00886599      0.00118110      0.00139334     -0.25555874     -0.34016412     -0.43711556     -0.01535573      0.01222061     -0.03664702     -0.22559311     -0.37202924     -0.57343147     -0.01200353      0.01369638     -0.02755647      0.16342096     -0.55355217      0.54755918     -3.62577258     -7.42553335      0.59258315      0.03051218     -0.46338403      0.43699583
